0	-21.400730	0.009189	450.000000	-39.532009
1	-18.292763	0.022401	425.000000	-35.032875
2	-70.935860	0.000036	375.000000	-72.350525
3	-70.643326	-0.000029	425.000000	-70.088799
4	-69.861763	0.000008	475.000000	-69.001289
5	-70.267670	0.000050	475.000000	-69.410233
6	-70.143890	-0.000044	600.000000	-71.489883
7	-70.379189	0.000006	525.000000	-71.343941
8	-70.923332	0.000021	550.000000	-70.190117
9	-70.083557	-0.000054	575.000000	-70.991287
10	-70.764465	-0.000004	575.000000	-69.714905
11	-71.360130	-0.000000	675.000000	-70.527824
12	-71.823067	-0.000071	750.000000	-73.200607
13	-72.334808	0.000031	625.000000	-73.289787
14	-72.462601	-0.000015	575.000000	-71.795815
15	-72.348244	-0.000001	575.000000	-71.284630
16	-72.499306	0.000019	425.000000	-72.844368
17	-74.044632	-0.000019	600.000000	-74.537033
18	-75.189751	0.000019	700.000000	-75.634674
19	-76.069374	-0.000023	700.000000	-77.362946
20	-76.102219	0.000020	700.000000	-76.974045
21	-74.734299	-0.000015	675.000000	-74.871483
22	-74.527985	0.000000	675.000000	-73.424049
23	-74.590820	-0.000002	675.000000	-73.901016
24	-75.611702	-0.000025	750.000000	-76.364555
25	-78.062370	0.000004	800.000000	-78.687538
26	-78.103828	-0.000008	875.000000	-80.501534
27	-78.463860	0.000005	900.000000	-78.069862
28	-78.043808	-0.000009	975.000000	-76.783302
29	-77.251457	0.000017	1025.000000	-78.105125
30	-77.670418	-0.000004	1025.000000	-77.501884
31	-77.342346	0.000019	1075.000000	-77.352554
32	-74.978668	-0.000005	975.000000	-77.223984
33	-73.603928	-0.000005	800.000000	-73.377251
34	-73.023430	0.000023	700.000000	-71.827110
35	-71.680046	-0.000005	625.000000	-72.785408
36	-71.869278	0.000034	650.000000	-71.791801
37	-72.046425	-0.000003	700.000000	-71.126343
38	-72.181328	-0.000001	650.000000	-72.415192
39	-73.135155	0.000007	600.000000	-73.253731
40	-72.845093	-0.000019	675.000000	-73.766762
41	-72.412086	-0.000002	625.000000	-72.642563
42	-72.508301	-0.000015	700.000000	-71.406509
43	-73.295204	-0.000002	925.000000	-72.459671
44	-74.655319	0.000001	1000.000000	-76.711143
45	-76.932533	0.000015	1000.000000	-77.574211
46	-76.931290	-0.000006	1050.000000	-77.312920
47	-75.129623	-0.000013	900.000000	-75.858658
48	-74.338905	-0.000007	725.000000	-72.997261
49	-73.937546	-0.000019	775.000000	-74.021362
50	-73.893326	-0.000005	600.000000	-74.117264
51	-74.178841	0.000002	600.000000	-74.334488
52	-74.500107	0.000001	775.000000	-75.101364
53	-74.422432	-0.000016	875.000000	-73.932983
54	-73.566994	0.000017	875.000000	-73.943253
55	-73.803497	-0.000023	775.000000	-73.024887
56	-73.465317	0.000001	700.000000	-73.601471
57	-74.048164	0.000033	600.000000	-74.115334
58	-74.292809	-0.000021	550.000000	-75.087982
59	-72.166107	0.000053	575.000000	-74.714928
60	-71.585976	0.000015	475.000000	-70.466080
61	-71.119034	-0.000025	575.000000	-69.831551
62	-71.077690	0.000018	650.000000	-72.303688
63	-71.954865	-0.000033	800.000000	-72.481918
64	-72.267181	-0.000047	800.000000	-71.407707
65	-72.082413	0.000023	750.000000	-72.122643
66	-72.312149	-0.000013	875.000000	-71.971771
67	-73.180397	0.000004	900.000000	-73.175293
68	-73.697083	0.000009	900.000000	-74.762405
69	-74.728668	-0.000033	1075.000000	-74.458893
70	-74.783455	-0.000035	1000.000000	-75.209595
71	-73.914131	-0.000025	975.000000	-75.031593
72	-74.566879	0.000007	1250.000000	-73.005447
73	-74.118721	0.000018	1225.000000	-73.984375
74	-72.699356	-0.000009	1150.000000	-74.763916
75	-73.048355	-0.000013	1150.000000	-71.112724
76	-72.796692	-0.000010	1025.000000	-72.281830
77	-72.931854	-0.000038	925.000000	-74.520103
78	-74.570137	0.000007	1050.000000	-74.925323
79	-74.991020	-0.000005	1175.000000	-75.092056
80	-74.460037	0.000006	1125.000000	-74.999390
81	-74.642044	0.000034	1175.000000	-74.638550
82	-74.703583	0.000004	1225.000000	-73.953781
83	-73.827538	0.000006	1100.000000	-74.545319
84	-73.782005	-0.000031	1100.000000	-73.386505
85	-71.749458	-0.000070	850.000000	-73.140488
86	-70.527618	0.000012	600.000000	-71.354485
87	-70.756332	-0.000004	625.000000	-68.950729
88	-70.456421	0.000027	750.000000	-70.239967
89	-71.489983	0.000033	925.000000	-71.897797
90	-72.891327	-0.000031	975.000000	-72.615105
91	-72.528168	0.000015	1000.000000	-74.108902
92	-72.674484	-0.000033	900.000000	-73.029343
93	-72.481583	0.000018	800.000000	-72.436378
94	-72.498405	0.000021	900.000000	-72.094902
95	-72.319687	-0.000034	825.000000	-72.681419
96	-73.159676	0.000015	800.000000	-72.061516
97	-73.899529	0.000011	800.000000	-73.462036
98	-72.633034	-0.000030	750.000000	-74.881996
99	-73.131256	0.000023	750.000000	-71.500328
100	-73.077011	0.000001	925.000000	-72.537422
101	-72.816711	-0.000032	1075.000000	-74.626755
102	-73.664635	0.000007	1125.000000	-74.805504
103	-73.497719	-0.000013	1025.000000	-72.417686
104	-73.372826	-0.000019	875.000000	-72.945908
105	-73.374474	-0.000003	750.000000	-73.951622
106	-74.108612	0.000021	725.000000	-74.120399
107	-73.625725	-0.000001	875.000000	-74.253548
108	-73.351990	0.000022	800.000000	-73.582253
109	-72.902657	-0.000022	875.000000	-72.280113
110	-72.665138	-0.000033	925.000000	-73.274345
111	-73.449905	-0.000017	875.000000	-72.387970
112	-74.045914	-0.000039	1000.000000	-73.874161
113	-74.823570	-0.000017	1100.000000	-76.122833
114	-74.167610	-0.000043	1050.000000	-75.410202
115	-73.820824	-0.000005	975.000000	-73.410843
116	-72.642082	-0.000031	875.000000	-72.282372
117	-69.701431	-0.000028	1075.000000	-72.215546
118	-67.932541	0.000046	1225.000000	-68.767563
119	-65.108833	-0.000056	1650.000000	-65.638290
120	-64.612770	0.000043	1850.000000	-63.867115
121	-64.820465	0.000044	1700.000000	-63.336933
122	-65.594475	0.000007	1750.000000	-66.250397
123	-68.727448	0.000062	1425.000000	-69.242409
124	-70.485016	0.000002	1275.000000	-72.295448
125	-72.765518	-0.000011	1225.000000	-72.530853
126	-73.373650	-0.000011	1050.000000	-73.679024
127	-74.370605	0.000000	1100.000000	-74.616455
128	-74.944595	-0.000014	1175.000000	-74.385323
129	-75.018227	0.000012	1075.000000	-75.747269
130	-74.750122	0.000003	1025.000000	-75.194839
131	-73.551216	-0.000043	900.000000	-73.566978
132	-73.231964	-0.000028	750.000000	-72.135201
133	-72.886902	-0.000021	775.000000	-73.541321
134	-73.273399	-0.000021	775.000000	-73.437439
135	-73.859383	0.000037	850.000000	-74.120262
136	-72.733612	0.000008	800.000000	-73.213417
137	-71.951302	0.000053	675.000000	-71.611877
138	-71.303795	-0.000010	725.000000	-70.592575
139	-71.510155	-0.000029	725.000000	-71.320236
140	-72.326164	-0.000020	875.000000	-72.743477
141	-73.916313	-0.000078	1050.000000	-74.431435
142	-75.704720	-0.000015	1075.000000	-75.643578
143	-74.468864	-0.000031	1275.000000	-76.974464
144	-74.479492	-0.000040	1275.000000	-74.088852
145	-73.462509	-0.000051	1325.000000	-72.631996
146	-72.726265	-0.000032	1300.000000	-73.115585
147	-73.221870	-0.000003	1125.000000	-72.622375
148	-72.129631	0.000014	925.000000	-73.731400
149	-71.993698	0.000046	750.000000	-71.479202
150	-69.299911	0.000144	525.000000	-70.759544
151	-69.279625	0.000136	575.000000	-67.826248
152	-69.764069	0.000104	625.000000	-68.260330
153	-70.137100	0.000097	675.000000	-72.521263
154	-73.982529	-0.000005	800.000000	-74.676155
155	-72.659073	-0.000034	650.000000	-74.695778
156	-69.244858	-0.000125	475.000000	-71.524986
157	-68.495567	-0.000108	325.000000	-66.651352
158	-68.372017	-0.000172	500.000000	-67.094162
159	-68.295540	-0.000079	425.000000	-70.623726
160	-71.301743	0.000049	700.000000	-70.448051
161	-72.745964	0.000028	925.000000	-72.505844
162	-73.243690	0.000071	975.000000	-76.547310
163	-75.421288	-0.000005	1200.000000	-74.379059
164	-70.839569	-0.000008	1575.000000	-74.351471
165	-67.146675	-0.000064	2000.000000	-69.178238
166	-67.128433	-0.000067	2125.000000	-64.016220
167	-67.164398	-0.000028	2200.000000	-66.753021
168	-68.152542	0.000005	1725.000000	-73.809105
169	-74.043030	0.000043	1275.000000	-72.607597
170	-72.006317	0.000013	850.000000	-73.638199
171	-71.350807	-0.000014	625.000000	-70.990524
172	-71.735107	-0.000013	725.000000	-70.458481
173	-71.340118	-0.000026	975.000000	-72.384888
174	-70.849388	0.000026	1575.000000	-72.935326
175	-65.314316	-0.000080	2075.000000	-69.027611
176	-61.642895	-0.000053	2450.000000	-62.716980
177	-58.873112	0.000140	2625.000000	-58.506718
178	-56.911610	0.000162	2725.000000	-56.638596
179	-53.791866	0.000125	2825.000000	-55.102692
180	-53.317051	-0.000005	2900.000000	-52.206112
181	-50.525604	-0.000199	2900.000000	-51.976791
182	-49.928398	-0.000209	2925.000000	-49.894928
183	-48.830868	-0.000071	2850.000000	-48.434731
184	-48.561459	-0.000025	2850.000000	-48.007088
185	-48.994827	0.000035	2900.000000	-48.474178
186	-48.407036	0.000001	2875.000000	-49.891872
187	-49.124886	0.000016	2850.000000	-48.330658
188	-49.211803	0.000038	2900.000000	-49.019257
189	-49.119511	0.000009	2900.000000	-50.167980
190	-50.018600	0.000016	2975.000000	-49.821926
191	-50.442570	0.000023	3225.000000	-49.540764
192	-50.311935	0.000008	3175.000000	-50.798050
193	-51.160789	-0.000016	3125.000000	-51.431835
194	-50.919930	-0.000023	3125.000000	-51.167881
195	-51.262466	-0.000016	2975.000000	-50.707066
196	-51.222584	0.000017	2875.000000	-51.048592
197	-51.814926	0.000035	3050.000000	-51.939754
198	-52.339664	0.000041	2950.000000	-52.587864
199	-52.484432	0.000033	3000.000000	-52.840172
200	-51.288754	0.000058	3100.000000	-52.347672
201	-49.575630	0.000051	2975.000000	-49.791813
202	-46.399601	-0.000004	3000.000000	-47.531693
203	-42.814236	-0.000060	2900.000000	-44.590664
204	-41.501480	-0.000090	2800.000000	-40.264099
205	-41.433907	-0.000102	2725.000000	-40.091038
206	-41.345291	-0.000000	2625.000000	-42.553638
207	-43.465504	0.000019	2375.000000	-43.862385
208	-46.132442	-0.000078	2100.000000	-44.746597
209	-46.567684	0.000041	1775.000000	-50.155746
210	-35.092178	0.000655	1275.000000	-44.814964
211	-28.224360	0.001173	900.000000	-32.528694
212	-24.041485	0.000946	625.000000	-25.601740
213	-21.322954	-0.002758	425.000000	-21.060173
214	-19.889202	0.001008	475.000000	-19.618958
215	-18.582348	-0.002827	475.000000	-18.294558
216	-18.293787	-0.003984	475.000000	-18.263878
217	-17.853186	0.006959	475.000000	-17.815243
218	-17.892685	-0.005275	450.000000	-17.648275
219	-18.261772	0.003959	475.000000	-18.027187
220	-18.655159	0.005292	450.000000	-18.869900
221	-19.708036	-0.006863	450.000000	-19.797972
222	-20.256380	0.003659	475.000000	-20.626678
223	-21.256786	-0.005663	450.000000	-21.047621
224	-20.626110	0.000708	475.000000	-21.149534
225	-20.768637	0.001207	450.000000	-20.544193
226	-19.964352	0.001441	450.000000	-20.135149
227	-19.627483	0.005551	450.000000	-19.557404
228	-19.788950	-0.004754	450.000000	-19.674280
229	-19.372890	0.000502	500.000000	-19.514864
230	-20.026756	-0.003612	525.000000	-19.810423
231	-19.483532	0.001338	550.000000	-19.565496
232	-19.977884	0.001202	575.000000	-19.710571
233	-20.063786	0.001485	550.000000	-19.964487
234	-20.525419	0.003355	550.000000	-20.189014
235	-21.681555	-0.004947	525.000000	-22.246809
236	-21.817186	0.000144	525.000000	-22.589573
237	-21.848070	0.000008	525.000000	-22.346344
238	-21.339180	-0.002665	500.000000	-20.847485
239	-21.932615	0.002119	525.000000	-21.077654
240	-21.324623	-0.001257	450.000000	-22.691732
241	-21.842821	0.000671	450.000000	-23.101776
242	-22.493675	0.002317	450.000000	-20.429062
243	-21.567055	-0.002291	450.000000	-22.449780
244	-22.683140	-0.000667	475.000000	-21.916033
245	-23.602859	-0.001876	475.000000	-23.048544
246	-24.099195	-0.002565	450.000000	-24.666683
247	-26.558594	0.001945	400.000000	-27.316336
248	-27.898565	0.002681	425.000000	-28.877922
249	-29.964844	0.001478	375.000000	-30.059298
250	-30.927498	0.002344	400.000000	-30.647747
251	-32.477177	-0.001521	375.000000	-32.689312
252	-33.349052	0.000308	400.000000	-34.622131
253	-33.408058	-0.001287	450.000000	-32.776131
254	-32.195068	-0.000132	425.000000	-32.583076
255	-32.129627	0.002286	475.000000	-31.715748
256	-32.341480	-0.000198	425.000000	-32.125778
257	-32.945515	0.001124	425.000000	-33.836502
258	-35.551643	-0.000329	400.000000	-34.242981
259	-36.514336	-0.001022	475.000000	-37.911396
260	-38.806534	-0.000072	450.000000	-39.566559
261	-38.809017	-0.002005	375.000000	-39.626915
262	-38.036789	0.000243	350.000000	-38.008373
263	-38.843983	0.000157	275.000000	-36.427303
264	-37.454464	0.000043	300.000000	-40.811905
265	-38.692745	0.001196	350.000000	-38.582062
266	-39.967308	-0.000441	300.000000	-37.626602
267	-39.390175	0.000086	300.000000	-42.473724
268	-42.728279	-0.000255	300.000000	-42.850071
269	-43.814144	0.000798	300.000000	-41.855350
270	-43.436508	-0.000032	400.000000	-45.005337
271	-45.587605	0.000064	350.000000	-45.892620
272	-45.412567	-0.000181	425.000000	-46.565395
273	-41.864170	-0.000257	425.000000	-45.160343
274	-41.526711	0.000276	425.000000	-39.317390
275	-41.386608	-0.000265	475.000000	-40.015556
276	-42.193630	0.000348	450.000000	-44.097454
277	-46.728935	-0.000132	450.000000	-49.046349
278	-50.622059	-0.000023	475.000000	-53.144615
279	-53.039124	0.000085	475.000000	-53.715954
280	-53.245369	-0.000234	500.000000	-52.448650
281	-52.381618	-0.000140	425.000000	-53.189919
282	-52.565250	-0.000099	350.000000	-52.424370
283	-53.135265	-0.000144	250.000000	-51.886948
284	-53.368206	0.000072	175.000000	-53.776928
285	-54.486656	-0.000024	250.000000	-54.943295
286	-55.550381	-0.000090	325.000000	-55.414158
287	-57.197304	-0.000033	450.000000	-56.392506
288	-58.452393	-0.000031	575.000000	-59.979740
289	-60.735950	-0.000009	550.000000	-62.924175
290	-62.779732	0.000005	550.000000	-61.744144
291	-62.536995	0.000040	575.000000	-62.541218
292	-63.210526	0.000040	525.000000	-63.754570
293	-64.053009	-0.000022	650.000000	-64.230759
294	-64.896095	-0.000009	700.000000	-64.532158
295	-65.416580	-0.000029	650.000000	-65.523628
296	-66.302376	0.000052	600.000000	-66.221962
297	-65.581436	0.000095	700.000000	-66.277130
298	-48.628483	0.000072	650.000000	-59.576065
299	-45.709618	0.000420	625.000000	-46.521370
300	-41.411770	-0.001252	650.000000	-42.722454
301	-34.818104	0.000893	425.000000	-38.342388
302	-33.291691	0.000113	425.000000	-31.794176
303	-32.500618	-0.000094	450.000000	-31.417339
304	-31.920675	0.001467	475.000000	-32.966461
305	-31.848572	-0.001114	500.000000	-32.830013
306	-29.304966	0.000154	500.000000	-31.652393
307	-28.550156	-0.002263	475.000000	-26.907139
308	-26.707865	0.000541	475.000000	-26.917028
309	-26.361370	0.000135	475.000000	-26.331768
310	-26.049709	-0.001527	450.000000	-25.828648
311	-25.845505	0.003487	500.000000	-26.187214
312	-25.896935	0.000691	475.000000	-25.529472
313	-25.571829	0.001181	475.000000	-26.213232
314	-25.494822	0.000751	475.000000	-24.946928
315	-24.483908	-0.000436	475.000000	-25.595657
316	-24.147425	-0.001582	500.000000	-23.372444
317	-22.798429	-0.001376	525.000000	-23.939167
318	-23.327290	-0.001520	600.000000	-21.561089
319	-22.529383	0.000513	600.000000	-23.352938
320	-23.063852	-0.001114	650.000000	-23.108818
321	-23.417027	0.000172	700.000000	-23.161348
322	-22.946463	0.002847	775.000000	-23.652264
323	-23.463308	-0.003075	775.000000	-22.845396
324	-22.775156	0.002806	800.000000	-23.780474
325	-23.185787	-0.001831	775.000000	-22.477251
326	-22.288233	-0.000220	700.000000	-23.088051
327	-22.825920	0.002344	675.000000	-21.439371
328	-21.720039	-0.000702	650.000000	-23.307041
329	-22.126974	0.000589	575.000000	-21.370594
330	-22.413080	0.000498	525.000000	-21.555397
331	-22.979076	-0.000696	675.000000	-23.642698
332	-24.073278	-0.001129	600.000000	-25.152815
333	-24.342859	0.002441	700.000000	-24.758793
334	-25.110443	-0.001810	675.000000	-23.863195
335	-24.655521	0.001460	525.000000	-26.229486
336	-26.170511	0.001294	550.000000	-25.109715
337	-25.796219	-0.001472	450.000000	-26.285387
338	-26.713383	-0.001664	450.000000	-25.768980
339	-25.946350	-0.000518	450.000000	-26.820152
340	-26.388987	-0.001769	450.000000	-25.492208
341	-25.676546	0.000914	450.000000	-26.448254
342	-25.825979	0.002382	425.000000	-25.749117
343	-26.327806	-0.001915	500.000000	-26.299276
344	-26.558884	0.002380	475.000000	-27.005459
345	-27.901930	-0.000158	500.000000	-26.979055
346	-28.174435	0.000384	575.000000	-29.336004
347	-29.284241	0.000657	450.000000	-28.503956
348	-27.071493	-0.002105	475.000000	-29.705816
349	-27.140232	-0.002401	500.000000	-25.637726
350	-25.666906	0.001385	500.000000	-25.704309
351	-25.517689	-0.000117	675.000000	-25.628181
352	-26.379517	0.001087	700.000000	-25.410864
353	-26.484781	0.002397	700.000000	-27.558247
354	-27.688715	-0.002625	650.000000	-27.844051
355	-27.819925	0.002006	525.000000	-28.114365
356	-28.374767	0.000183	500.000000	-27.943314
357	-28.761477	-0.000182	450.000000	-28.929741
358	-30.338198	-0.000045	425.000000	-29.237526
359	-31.730051	-0.001528	475.000000	-32.908989
360	-34.087948	-0.000865	475.000000	-34.763882
361	-35.665928	0.000310	450.000000	-35.565948
362	-36.662228	0.000994	550.000000	-37.132774
363	-38.047089	-0.000407	475.000000	-37.558163
364	-39.415840	-0.000204	425.000000	-40.263618
365	-41.949745	-0.000871	450.000000	-40.660679
366	-41.611847	-0.000252	350.000000	-43.164005
367	-42.995880	0.000242	375.000000	-42.796974
368	-43.990677	0.000243	325.000000	-43.559151
369	-44.816357	0.000496	425.000000	-46.083275
370	-47.087074	0.000472	425.000000	-46.673443
371	-45.552444	0.000059	550.000000	-47.666653
372	-46.430378	0.000194	1050.000000	-45.095505
373	-46.093010	-0.000008	1550.000000	-44.952724
374	-46.169903	-0.000216	2275.000000	-48.176701
375	-48.104946	0.000068	2450.000000	-47.853096
376	-48.335571	-0.000114	2300.000000	-47.633808
377	-48.519321	0.000011	2150.000000	-48.944221
378	-49.779995	0.000123	1775.000000	-49.454288
379	-51.120979	-0.000075	2050.000000	-51.495319
380	-51.480221	0.000086	2150.000000	-53.062431
381	-52.021748	-0.000110	2375.000000	-52.047432
382	-51.873699	-0.000184	2450.000000	-51.000946
383	-51.153999	0.000062	2600.000000	-52.131821
384	-51.135036	-0.000123	2800.000000	-50.802757
385	-49.968090	0.000034	2350.000000	-50.363853
386	-49.122715	-0.000018	2300.000000	-49.467907
387	-49.158451	-0.000155	2050.000000	-48.157471
388	-48.003052	0.000024	1725.000000	-48.773125
389	-48.338272	-0.000148	1700.000000	-47.775017
390	-49.100597	-0.000008	1575.000000	-47.990486
391	-49.462841	0.000219	1375.000000	-50.662182
392	-31.396902	0.001171	1075.000000	-42.376202
393	-29.739370	-0.003331	850.000000	-29.610416
394	-23.719213	0.000063	725.000000	-25.642738
395	-22.560600	-0.000179	500.000000	-21.255260
396	-21.021555	-0.000719	550.000000	-20.825613
397	-20.713463	0.002932	550.000000	-20.371740
398	-21.602322	-0.000767	600.000000	-21.537590
399	-21.754787	-0.001786	600.000000	-22.472164
400	-22.383919	-0.000780	625.000000	-22.867205
401	-22.673248	-0.000820	725.000000	-21.680571
402	-23.053417	0.001352	700.000000	-23.019775
403	-22.723799	0.002448	725.000000	-24.524992
404	-23.505239	0.001105	725.000000	-23.292280
405	-23.228928	0.001498	675.000000	-22.123625
406	-23.423740	-0.000333	625.000000	-23.790831
407	-23.982815	-0.000750	625.000000	-24.139420
408	-25.165791	-0.000616	625.000000	-24.549406
409	-24.823563	-0.000188	625.000000	-25.642448
410	-25.560602	0.000072	625.000000	-25.393795
411	-26.118301	0.001275	625.000000	-25.130161
412	-26.398521	-0.000067	625.000000	-26.832699
413	-28.318264	0.001679	575.000000	-28.688795
414	-29.205494	-0.002260	500.000000	-29.756924
415	-31.219654	0.000223	525.000000	-31.507132
416	-31.564091	-0.001175	475.000000	-31.943689
417	-33.072514	-0.000778	500.000000	-33.518841
418	-32.563438	0.002027	425.000000	-33.421772
419	-33.040424	-0.001263	400.000000	-32.858524
420	-32.453793	0.001677	375.000000	-31.984142
421	-32.481541	-0.001271	350.000000	-32.661747
422	-32.996071	0.001130	400.000000	-32.499863
423	-33.081902	-0.001330	300.000000	-33.167351
424	-33.705723	0.000656	300.000000	-33.728630
425	-33.637386	-0.001655	325.000000	-33.467018
426	-34.303341	-0.000379	275.000000	-34.454021
427	-33.608154	0.000607	325.000000	-33.825500
428	-34.591667	-0.001215	300.000000	-34.849644
429	-34.387962	0.002127	250.000000	-34.400806
430	-35.288456	-0.000925	375.000000	-35.694153
431	-31.443336	0.001922	400.000000	-35.166683
432	-30.717964	-0.000061	450.000000	-30.354300
433	-28.227674	0.001143	475.000000	-27.849871
434	-27.518545	-0.001652	425.000000	-27.203560
435	-27.948830	-0.000120	425.000000	-27.175009
436	-28.014454	-0.001515	400.000000	-28.174290
437	-30.161951	-0.000092	500.000000	-30.045403
438	-30.699886	-0.000436	450.000000	-31.852345
439	-30.707209	-0.000950	450.000000	-31.899784
440	-29.866877	0.000510	475.000000	-29.361876
441	-28.071592	0.000241	375.000000	-28.868422
442	-26.378246	0.003504	425.000000	-26.227903
443	-25.318176	-0.000257	450.000000	-25.737543
444	-24.341953	-0.001006	425.000000	-23.892708
445	-24.093637	-0.001106	450.000000	-24.062284
446	-23.796936	-0.000687	425.000000	-23.729082
447	-24.165068	0.001387	450.000000	-24.234415
448	-23.810396	0.003939	450.000000	-23.879606
449	-23.862165	-0.001655	425.000000	-23.879383
450	-23.843065	-0.001123	425.000000	-23.629543
451	-23.711905	-0.003779	400.000000	-23.738106
452	-24.218048	-0.000788	425.000000	-23.801193
453	-24.505096	-0.000666	425.000000	-24.562994
454	-25.154234	0.002053	400.000000	-25.202814
455	-25.292976	0.002446	425.000000	-25.573366
456	-26.070982	-0.000061	425.000000	-26.051620
457	-25.922207	0.003015	400.000000	-26.042398
458	-26.500984	-0.001373	425.000000	-26.817015
459	-26.719328	0.000853	425.000000	-26.271339
460	-26.958372	-0.000763	425.000000	-27.347349
461	-27.556494	0.000161	425.000000	-26.978233
462	-27.013067	0.000363	375.000000	-28.633232
463	-26.887651	-0.000037	350.000000	-26.665716
464	-26.345682	0.000801	300.000000	-26.079872
465	-26.044668	-0.000683	300.000000	-25.791887
466	-26.605232	0.000191	300.000000	-26.430271
467	-26.989296	-0.000158	300.000000	-27.032711
468	-27.803806	-0.000320	300.000000	-27.743935
469	-28.162678	0.000406	300.000000	-28.679127
470	-28.579206	0.000022	300.000000	-28.334263
471	-28.906197	-0.000076	275.000000	-29.095421
472	-29.393047	-0.000077	350.000000	-29.297487
473	-30.161009	-0.001197	325.000000	-29.957062
474	-30.514605	-0.000284	350.000000	-30.671200
475	-30.211321	-0.000710	350.000000	-30.873703
476	-29.582411	-0.001066	350.000000	-29.831675
477	-28.350550	-0.000667	350.000000	-28.424673
478	-28.263199	-0.001577	400.000000	-27.186316
479	-28.018324	-0.002623	400.000000	-28.109463
480	-27.924135	-0.000148	325.000000	-28.226486
481	-28.169596	-0.002783	375.000000	-27.627155
482	-27.072203	0.001459	375.000000	-28.385532
483	-26.768826	-0.000448	375.000000	-25.840483
484	-25.973545	0.001245	400.000000	-26.719847
485	-25.666239	0.001541	400.000000	-25.020725
486	-25.497456	0.000373	400.000000	-25.990685
487	-25.405416	0.001996	400.000000	-24.937023
488	-25.638514	0.000353	400.000000	-26.094185
489	-25.704948	0.002414	350.000000	-25.404633
490	-25.900877	0.000097	375.000000	-26.460339
491	-26.489613	0.002757	400.000000	-25.644733
492	-26.350691	-0.000051	350.000000	-27.382238
493	-27.454729	0.002280	450.000000	-26.473791
494	-26.978664	0.000938	300.000000	-28.122061
495	-27.457918	0.000319	275.000000	-27.291676
496	-27.304148	0.000913	300.000000	-27.132879
497	-27.314026	-0.001120	175.000000	-27.704416
498	-27.619453	-0.000650	175.000000	-27.397089
499	-27.770084	-0.000776	250.000000	-28.018068
500	-27.545776	-0.001479	250.000000	-27.859549
501	-26.976717	-0.000247	300.000000	-27.164503
502	-26.941450	-0.002641	325.000000	-26.317545
503	-26.180521	-0.000720	300.000000	-26.313189
504	-26.169659	-0.001985	325.000000	-25.902399
505	-26.022827	-0.001045	350.000000	-26.189754
506	-24.973579	0.002581	425.000000	-25.159307
507	-24.670988	-0.003615	475.000000	-24.527241
508	-23.514139	0.000516	500.000000	-24.028502
509	-22.729811	0.000468	475.000000	-22.708836
510	-22.394274	0.000389	475.000000	-22.283342
511	-21.271097	0.000229	475.000000	-21.449711
512	-21.291716	0.001881	450.000000	-21.193600
513	-20.022804	0.001726	475.000000	-20.264730
514	-19.687801	-0.005604	475.000000	-19.567211
515	-18.951214	0.007526	450.000000	-18.819180
516	-18.253389	-0.003334	475.000000	-18.392494
517	-18.440411	-0.001474	475.000000	-18.147581
518	-18.053549	0.006161	525.000000	-18.059504
519	-18.629423	-0.007134	600.000000	-18.438660
520	-18.851870	0.006932	600.000000	-18.888910
521	-19.221539	-0.003777	600.000000	-19.245911
522	-20.193893	-0.001684	550.000000	-19.676062
523	-21.138725	0.003635	550.000000	-21.020668
524	-22.830225	-0.006925	500.000000	-24.128014
525	-24.201313	0.004660	500.000000	-25.830835
526	-24.133244	-0.001288	500.000000	-24.019739
527	-24.175840	-0.000502	525.000000	-23.288361
528	-24.515490	0.003200	575.000000	-23.822496
529	-24.803461	-0.002631	550.000000	-25.872770
530	-26.710016	0.001460	575.000000	-27.096985
531	-26.851923	-0.001122	500.000000	-27.006105
532	-26.723806	-0.000867	475.000000	-26.956469
533	-26.498247	0.000001	450.000000	-26.635900
534	-26.410002	-0.002115	400.000000	-26.592920
535	-26.094645	0.002709	425.000000	-25.801731
536	-25.893179	0.000773	400.000000	-26.219780
537	-25.767412	0.000479	425.000000	-25.780468
538	-25.589602	0.002762	450.000000	-24.947569
539	-25.783640	-0.002615	425.000000	-25.896349
540	-26.212355	-0.000213	450.000000	-26.502151
541	-27.347319	0.001020	475.000000	-26.414118
542	-27.957497	-0.000566	525.000000	-28.748381
543	-28.450579	0.000287	625.000000	-30.582611
544	-28.522028	0.000093	625.000000	-28.093201
545	-28.693977	-0.000755	600.000000	-27.281498
546	-29.106888	-0.000087	550.000000	-29.327084
547	-30.133522	-0.000544	475.000000	-31.108131
548	-32.132252	-0.000549	475.000000	-32.142624
549	-31.516367	0.000540	475.000000	-32.526997
550	-32.885162	-0.000940	525.000000	-30.865763
551	-33.593739	0.000979	500.000000	-33.967064
552	-35.131054	0.000062	500.000000	-37.950317
553	-39.511089	-0.000374	550.000000	-39.279579
554	-39.334679	0.000442	500.000000	-40.158913
555	-41.216759	-0.000481	475.000000	-40.065685
556	-41.661907	0.000125	500.000000	-41.581635
557	-44.055893	0.000013	500.000000	-44.937870
558	-47.410839	0.000102	525.000000	-49.516731
559	-47.880959	0.000179	525.000000	-49.345577
560	-48.009445	-0.000148	500.000000	-46.302738
561	-47.715008	0.000286	525.000000	-47.718197
562	-46.928074	-0.000298	500.000000	-48.344124
563	-47.583916	0.000206	525.000000	-46.804638
564	-48.375671	0.000013	450.000000	-47.104626
565	-48.556221	0.000022	425.000000	-50.377338
566	-50.283993	0.000265	425.000000	-52.369263
567	-51.626442	-0.000135	400.000000	-49.407837
568	-51.726276	0.000160	475.000000	-51.637268
569	-51.497414	0.000057	450.000000	-54.584137
570	-45.950626	-0.000260	500.000000	-50.831535
571	-44.689487	0.000144	500.000000	-43.465805
572	-44.534657	-0.000059	450.000000	-42.222023
573	-44.478004	-0.000155	425.000000	-46.126118
574	-46.190479	0.000502	300.000000	-49.180153
575	-44.085201	0.000073	325.000000	-47.166073
576	-42.806744	-0.000272	350.000000	-42.256821
577	-42.022827	0.000162	325.000000	-40.485832
578	-42.245232	-0.000758	325.000000	-42.113529
579	-43.642212	-0.000204	525.000000	-44.351124
580	-44.270576	-0.000128	975.000000	-44.863503
581	-44.495895	-0.000052	1275.000000	-44.548450
582	-42.705791	0.000367	1550.000000	-43.413410
583	-41.835342	0.000015	1450.000000	-41.751396
584	-41.740826	0.000736	1100.000000	-40.737873
585	-40.388111	-0.000191	850.000000	-41.616390
586	-40.075306	0.000558	600.000000	-40.505268
587	-38.519852	0.000156	550.000000	-38.402309
588	-36.914532	-0.000459	550.000000	-37.472237
589	-36.155586	-0.000031	625.000000	-35.475739
590	-35.357616	-0.000457	675.000000	-35.062580
591	-35.829609	-0.000859	675.000000	-34.908585
592	-36.239193	0.000077	625.000000	-37.055843
593	-36.683353	-0.001120	525.000000	-37.548359
594	-37.511158	-0.000329	525.000000	-37.279064
595	-36.702194	-0.000267	375.000000	-37.048332
596	-35.411678	-0.000337	375.000000	-36.952190
597	-35.162228	0.001069	500.000000	-33.915192
598	-33.024754	0.000018	500.000000	-34.372036
599	-32.542122	0.002000	800.000000	-31.996714
600	-31.968092	0.000425	875.000000	-31.914207
601	-32.178688	0.001479	975.000000	-31.467278
602	-32.184956	0.000768	850.000000	-33.096043
603	-32.411358	-0.000789	650.000000	-33.180035
604	-33.179066	-0.001296	525.000000	-31.511856
605	-31.896112	-0.000396	375.000000	-33.074841
606	-32.729366	-0.001410	375.000000	-31.887787
607	-32.659435	0.000167	425.000000	-32.378704
608	-32.589088	0.001316	425.000000	-33.419197
609	-33.473457	-0.001568	475.000000	-33.650826
610	-32.933910	0.001643	575.000000	-32.943302
611	-31.871334	-0.001557	525.000000	-31.923388
612	-29.627485	-0.000179	575.000000	-31.133291
613	-27.328451	0.000988	500.000000	-27.653685
614	-25.276365	-0.000807	475.000000	-25.717974
615	-24.349371	-0.001392	475.000000	-23.668825
616	-24.160645	0.000656	450.000000	-23.337439
617	-24.734055	-0.000462	475.000000	-24.916842
618	-26.004826	0.000835	500.000000	-26.338476
619	-26.826717	0.002789	475.000000	-27.983055
620	-27.289553	-0.002207	550.000000	-27.312431
621	-26.687351	0.001571	525.000000	-26.980989
622	-26.654104	0.000012	475.000000	-26.142212
623	-26.435465	-0.000427	500.000000	-26.509768
624	-26.446901	-0.001052	425.000000	-26.022675
625	-25.388220	-0.001743	450.000000	-26.241457
626	-24.838211	-0.000685	475.000000	-24.273926
627	-23.862942	0.002415	450.000000	-23.933508
628	-23.553944	0.002994	450.000000	-23.640377
629	-23.759029	-0.001670	450.000000	-23.576862
630	-24.027147	0.000274	425.000000	-24.386219
631	-24.959366	-0.001097	425.000000	-24.182669
632	-25.265274	0.000216	425.000000	-26.424517
633	-26.876932	-0.000049	425.000000	-25.624916
634	-27.026703	-0.000768	425.000000	-27.890137
635	-28.629232	-0.001972	475.000000	-28.409576
636	-29.453512	0.000660	450.000000	-29.458216
637	-29.702055	0.002262	400.000000	-30.364523
638	-31.033007	-0.000214	375.000000	-30.366379
639	-30.497820	0.001854	300.000000	-31.600107
640	-31.371515	-0.000739	325.000000	-30.477030
641	-31.006168	0.000013	325.000000	-31.729252
642	-31.595737	0.000237	300.000000	-31.167885
643	-32.623993	-0.000731	350.000000	-31.979301
644	-34.188072	-0.001251	300.000000	-34.077549
645	-36.339184	0.000121	275.000000	-38.814274
646	-40.117599	0.000665	275.000000	-40.803989
647	-40.194286	0.000168	175.000000	-41.348476
648	-40.403049	0.001182	150.000000	-40.424599
649	-40.725346	-0.000556	225.000000	-39.239372
650	-40.688332	-0.000180	350.000000	-41.454617
651	-41.835228	-0.000730	425.000000	-42.244663
652	-42.308270	0.000053	500.000000	-42.163689
653	-34.580894	-0.000762	500.000000	-40.275940
654	-31.921717	0.001659	400.000000	-32.184799
655	-27.589472	0.002022	425.000000	-28.649817
656	-25.317194	0.000636	450.000000	-25.939436
657	-22.987049	-0.000669	475.000000	-23.025785
658	-21.931435	-0.001793	500.000000	-21.666700
659	-21.360298	-0.000933	525.000000	-20.599377
660	-20.963879	0.000085	575.000000	-21.786400
661	-20.219913	0.004277	600.000000	-20.591255
662	-20.080276	-0.000657	600.000000	-19.645617
663	-19.762512	-0.001019	625.000000	-19.273132
664	-19.574820	-0.003497	600.000000	-20.302464
665	-20.072414	-0.002668	625.000000	-19.617813
666	-20.208733	-0.001546	625.000000	-19.996881
667	-20.040926	0.002025	625.000000	-20.323400
668	-20.268269	0.003123	625.000000	-20.229834
669	-20.300882	0.000813	625.000000	-20.203104
670	-20.001602	0.000983	625.000000	-20.399561
671	-20.395639	-0.002673	650.000000	-20.148870
672	-20.468647	-0.002516	650.000000	-20.145147
673	-20.718176	0.000324	625.000000	-21.146530
674	-21.098703	0.002699	650.000000	-20.770788
675	-21.496462	0.001754	625.000000	-21.903702
676	-21.486629	0.000764	625.000000	-21.489912
677	-21.973192	-0.001825	625.000000	-21.986012
678	-22.001993	-0.000656	575.000000	-21.778252
679	-22.191397	-0.003041	550.000000	-22.372189
680	-22.314634	0.002822	550.000000	-22.113590
681	-22.726196	-0.000206	525.000000	-22.344446
682	-22.826832	-0.000749	525.000000	-23.247320
683	-23.315266	0.002922	525.000000	-23.182549
684	-23.407145	-0.002861	525.000000	-23.814543
685	-23.432446	0.000418	475.000000	-23.229261
686	-24.008558	-0.000198	475.000000	-23.922293
687	-24.112051	-0.001861	400.000000	-24.233137
688	-25.195309	0.001358	400.000000	-25.319191
689	-25.367292	-0.000913	425.000000	-25.703306
690	-26.396454	0.001086	450.000000	-26.017244
691	-26.478151	-0.000116	450.000000	-26.615782
692	-27.065403	0.000360	400.000000	-27.318129
693	-27.745632	0.000731	450.000000	-26.733616
694	-27.551161	-0.000193	425.000000	-28.712191
695	-28.749187	0.001551	450.000000	-27.928793
696	-29.548122	0.000065	500.000000	-29.588665
697	-30.368233	0.000803	375.000000	-32.039669
698	-32.302235	-0.000327	425.000000	-32.438141
699	-32.053764	-0.002205	375.000000	-31.759256
700	-30.994841	-0.000848	325.000000	-32.101547
701	-31.146025	-0.003454	325.000000	-29.040977
702	-28.911484	-0.000514	275.000000	-30.846621
703	-29.182264	0.000221	325.000000	-27.586466
704	-27.719400	0.000666	350.000000	-28.952890
705	-27.716553	0.002414	350.000000	-27.072466
706	-27.451178	0.000625	325.000000	-27.567347
707	-27.153063	0.002226	300.000000	-27.653538
708	-26.845390	-0.001484	250.000000	-26.951132
709	-26.822664	0.002071	300.000000	-26.841360
710	-28.196665	-0.000294	325.000000	-26.322956
711	-28.972301	0.000466	400.000000	-31.313845
712	-33.732258	0.000611	450.000000	-34.782040
713	-35.202137	-0.000037	400.000000	-35.950069
714	-36.578632	0.000296	350.000000	-35.630917
715	-34.646408	-0.000476	325.000000	-36.059048
716	-33.969711	0.001604	325.000000	-33.880020
717	-31.715746	-0.000506	375.000000	-32.693012
718	-31.647060	-0.000691	550.000000	-31.490778
719	-31.530834	-0.002686	475.000000	-30.278181
720	-29.814335	-0.000874	575.000000	-31.549555
721	-30.954576	-0.000987	550.000000	-28.824539
722	-30.119694	-0.000443	400.000000	-30.066168
723	-30.572844	0.003310	525.000000	-32.206268
724	-32.278320	-0.001867	525.000000	-32.042439
725	-31.457640	-0.000179	575.000000	-32.563095
726	-32.456078	0.000328	625.000000	-30.425276
727	-31.244284	-0.001981	700.000000	-32.564072
728	-31.564384	0.002046	625.000000	-31.892126
729	-32.320366	-0.000280	775.000000	-30.973312
730	-31.496527	0.000216	725.000000	-33.343475
731	-33.094246	0.001036	700.000000	-31.846756
732	-31.845943	-0.001073	725.000000	-32.739754
733	-31.987257	0.001529	550.000000	-31.802261
734	-32.542156	-0.001496	575.000000	-31.432190
735	-31.087492	0.000005	450.000000	-33.344318
736	-32.476196	0.000735	450.000000	-30.529173
737	-31.082180	-0.001331	400.000000	-31.897326
738	-31.037094	0.002233	350.000000	-31.633512
739	-32.390778	-0.001814	700.000000	-30.643818
740	-31.136929	0.001025	700.000000	-33.774494
741	-32.644505	0.000750	875.000000	-31.502943
742	-31.960777	0.000326	1000.000000	-31.608397
743	-31.201706	0.001319	675.000000	-32.966164
744	-32.810963	-0.001568	750.000000	-30.626272
745	-31.395847	-0.000013	600.000000	-32.974316
746	-31.959146	-0.001181	475.000000	-32.000744
747	-32.885838	-0.000568	600.000000	-30.771690
748	-31.200096	0.000004	450.000000	-34.029510
749	-33.210037	0.000033	500.000000	-31.541203
750	-33.383034	-0.000438	475.000000	-33.091373
751	-33.153873	0.001086	400.000000	-36.102047
752	-36.424591	0.000178	400.000000	-33.578835
753	-35.644085	-0.000029	350.000000	-37.120514
754	-36.579166	0.000573	350.000000	-38.310051
755	-38.448959	-0.001058	300.000000	-36.301826
756	-36.678524	0.000266	300.000000	-38.555695
757	-37.464657	0.000161	325.000000	-37.207024
758	-37.968254	0.000182	300.000000	-36.702251
759	-36.530479	0.000618	300.000000	-39.151634
760	-38.548782	-0.000151	300.000000	-36.302280
761	-38.012081	-0.000180	275.000000	-38.047546
762	-38.275326	-0.000071	325.000000	-40.221867
763	-40.894577	-0.000510	275.000000	-38.413265
764	-40.313732	0.000278	300.000000	-42.208908
765	-42.155853	0.000014	350.000000	-42.740070
766	-43.734421	-0.000248	350.000000	-43.170002
767	-43.757618	0.000642	350.000000	-45.417961
768	-45.634884	-0.000225	450.000000	-44.107838
769	-45.101913	-0.000161	350.000000	-46.220955
770	-46.260365	0.000219	350.000000	-46.015842
771	-47.298737	-0.000283	450.000000	-45.966763
772	-46.123718	0.000155	300.000000	-48.481266
773	-47.687584	0.000134	300.000000	-46.302307
774	-48.129440	-0.000364	250.000000	-47.514843
775	-48.025051	0.000311	150.000000	-50.345951
776	-50.359673	-0.000145	150.000000	-48.978806
777	-50.149910	-0.000339	200.000000	-51.152134
778	-50.143806	0.000372	225.000000	-51.062134
779	-50.701550	-0.000059	325.000000	-49.167088
780	-50.557888	-0.000041	325.000000	-51.178619
781	-52.077297	0.000126	525.000000	-51.702705
782	-53.547688	-0.000035	825.000000	-53.885780
783	-54.991020	0.000028	875.000000	-57.487999
784	-57.336285	-0.000109	1475.000000	-56.180046
785	-57.445541	-0.000005	1900.000000	-56.704010
786	-57.302322	0.000035	2350.000000	-59.173904
787	-58.452702	0.000010	3000.000000	-58.286697
788	-57.870815	0.000048	3125.000000	-58.003510
789	-56.952488	0.000026	3050.000000	-57.015614
790	-56.715950	-0.000048	2950.000000	-56.508015
791	-57.144413	0.000041	2900.000000	-56.277889
792	-56.841404	-0.000025	2950.000000	-57.889183
793	-57.219727	-0.000004	2975.000000	-57.341625
794	-57.181038	0.000064	3150.000000	-56.669903
795	-56.705574	-0.000005	3225.000000	-56.773129
796	-56.602001	0.000005	3075.000000	-56.707493
797	-55.922005	0.000010	2975.000000	-56.466454
798	-55.321075	-0.000015	2900.000000	-55.102802
799	-55.641544	-0.000043	2700.000000	-54.765015
800	-56.082291	0.000022	2900.000000	-56.184734
801	-57.536423	-0.000030	3050.000000	-58.418430
802	-59.310661	-0.000010	3150.000000	-59.102413
803	-59.502350	0.000013	3200.000000	-59.888203
804	-58.810257	-0.000049	3050.000000	-59.788639
805	-58.166458	0.000016	2925.000000	-58.282696
806	-58.401035	-0.000005	2850.000000	-57.015636
807	-58.521198	0.000025	2800.000000	-58.641373
808	-59.579735	0.000009	2775.000000	-60.572292
809	-61.030422	0.000029	2775.000000	-60.767857
810	-61.704140	-0.000006	2550.000000	-60.880627
811	-63.059128	0.000013	2400.000000	-64.143036
812	-65.342903	-0.000006	1975.000000	-65.870575
813	-66.860840	0.000031	1450.000000	-67.904053
814	-68.215271	0.000009	1150.000000	-68.562477
815	-68.823166	-0.000007	675.000000	-68.489166
816	-68.857620	0.000029	575.000000	-68.681442
817	-69.552277	-0.000068	650.000000	-69.198608
818	-70.243668	-0.000010	650.000000	-69.547539
819	-71.072510	-0.000030	1000.000000	-71.644768
820	-72.313873	0.000018	1000.000000	-74.181671
821	-71.599655	-0.000008	925.000000	-72.795601
822	-70.916145	0.000052	800.000000	-70.219025
823	-69.604927	-0.000044	400.000000	-69.179955
824	-69.569069	-0.000036	350.000000	-69.076347
825	-70.914902	0.000020	575.000000	-70.193481
826	-71.844276	-0.000065	775.000000	-74.478233
827	-73.390450	0.000036	875.000000	-74.985069
828	-73.407593	0.000015	925.000000	-72.731476
829	-72.698181	0.000016	725.000000	-72.464890
830	-72.836823	0.000019	650.000000	-72.548874
831	-73.796822	0.000019	875.000000	-73.668274
832	-74.819733	-0.000001	1025.000000	-74.637970
833	-75.634308	0.000005	1175.000000	-76.516060
834	-75.750565	0.000027	1325.000000	-76.683548
835	-75.113998	0.000023	1100.000000	-75.044067
836	-74.570496	-0.000006	1025.000000	-74.052017
837	-74.367836	-0.000011	975.000000	-74.301826
838	-73.730377	-0.000047	975.000000	-74.306526
839	-74.198074	-0.000056	1100.000000	-73.678741
840	-73.945686	-0.000008	1175.000000	-74.308113
841	-73.806534	-0.000014	1225.000000	-74.147896
842	-72.441704	0.000044	1275.000000	-73.355858
843	-69.623779	-0.000006	1425.000000	-71.364655
844	-69.217964	-0.000002	1325.000000	-67.594986
845	-69.047890	0.000023	1200.000000	-67.872627
846	-69.097816	-0.000018	1225.000000	-71.032715
847	-70.969383	0.000018	1150.000000	-70.893196
848	-70.882874	0.000044	1175.000000	-70.557404
849	-70.412697	-0.000007	1075.000000	-70.754944
850	-71.286926	0.000019	1125.000000	-70.511032
851	-69.668518	-0.000027	975.000000	-71.799316
852	-68.811996	-0.000056	900.000000	-69.206001
853	-64.822685	0.000167	775.000000	-66.637062
854	-62.634216	-0.000078	375.000000	-62.063652
855	-62.585827	-0.000102	375.000000	-60.931915
856	-62.587021	-0.000054	325.000000	-62.496326
857	-63.124424	-0.000094	425.000000	-66.609940
858	-64.338463	0.000224	500.000000	-65.028549
859	-62.285946	0.000049	325.000000	-61.690517
860	-62.102448	0.000081	325.000000	-61.265007
861	-63.275143	-0.000045	575.000000	-62.314327
862	-64.275589	-0.000111	700.000000	-66.599174
863	-69.103668	0.000072	850.000000	-72.182571
864	-70.700874	-0.000026	850.000000	-71.137970
865	-70.744461	-0.000017	650.000000	-69.273254
866	-71.038826	-0.000056	750.000000	-70.357574
867	-72.594734	0.000022	1025.000000	-74.284691
868	-74.093338	-0.000028	975.000000	-76.522987
869	-74.067467	-0.000040	925.000000	-73.620026
870	-72.821304	0.000015	800.000000	-72.833519
871	-70.966858	0.000047	525.000000	-72.267136
872	-70.651253	0.000031	500.000000	-69.262863
873	-70.721718	0.000008	600.000000	-69.820633
874	-70.622566	0.000005	600.000000	-71.682388
875	-71.398857	-0.000010	575.000000	-71.959816
876	-71.680794	0.000050	700.000000	-71.816460
877	-70.736816	0.000002	550.000000	-71.140442
878	-71.406013	-0.000012	475.000000	-70.195709
879	-72.068756	-0.000039	550.000000	-71.572418
880	-73.043762	-0.000020	750.000000	-74.681351
881	-74.699104	0.000006	975.000000	-75.170258
882	-74.597374	-0.000018	1125.000000	-74.839378
883	-74.541267	0.000009	1125.000000	-74.024017
884	-74.984238	-0.000008	1050.000000	-74.885963
885	-75.949364	0.000031	1075.000000	-76.003029
886	-75.911728	0.000005	1100.000000	-77.286934
887	-75.250717	0.000021	975.000000	-75.301949
888	-75.319435	0.000015	1100.000000	-74.029449
889	-75.360497	0.000000	1000.000000	-75.072533
890	-76.545509	0.000027	1000.000000	-78.159973
891	-78.814880	-0.000014	1250.000000	-78.786713
892	-77.812431	-0.000016	1150.000000	-78.384277
893	-77.515038	-0.000006	1200.000000	-77.169266
894	-77.300056	-0.000005	1250.000000	-76.762840
895	-76.907036	-0.000018	1225.000000	-77.440437
896	-76.906418	-0.000002	1250.000000	-77.276398
897	-75.904335	-0.000004	1100.000000	-76.174500
898	-74.847427	-0.000025	1000.000000	-75.062401
899	-74.455803	0.000019	950.000000	-73.364693
900	-74.960014	-0.000002	925.000000	-74.355492
901	-75.748184	0.000012	1075.000000	-77.054817
902	-76.299843	0.000022	1075.000000	-77.580933
903	-76.869987	-0.000013	1125.000000	-76.660812
904	-76.956299	0.000004	1150.000000	-76.102753
905	-77.300735	-0.000002	1175.000000	-77.655457
906	-76.931290	-0.000010	1100.000000	-78.996269
907	-76.476456	-0.000003	925.000000	-76.341721
908	-75.896957	0.000018	725.000000	-74.691566
909	-75.571396	-0.000017	700.000000	-75.387421
910	-76.410141	0.000011	775.000000	-76.575439
911	-76.943779	0.000009	975.000000	-77.365166
912	-77.574646	-0.000022	1200.000000	-77.215172
913	-77.775162	-0.000001	1250.000000	-78.159035
914	-77.678558	-0.000019	1425.000000	-78.252632
915	-78.251709	-0.000021	1375.000000	-77.322495
916	-77.979828	-0.000019	1400.000000	-78.121994
917	-77.746483	0.000002	1300.000000	-78.697243
918	-77.652718	-0.000006	1200.000000	-77.757828
919	-77.169670	0.000007	1050.000000	-76.709755
920	-76.999153	0.000012	1000.000000	-77.453125
921	-77.147980	0.000005	950.000000	-77.083534
922	-76.744560	0.000048	875.000000	-76.857910
923	-76.361748	0.000022	1150.000000	-76.372818
924	-75.914688	0.000029	1000.000000	-76.213074
925	-75.144470	0.000030	1150.000000	-75.227425
926	-73.954475	0.000046	1200.000000	-74.373413
927	-71.501045	0.000041	950.000000	-72.051102
928	-67.515327	-0.000021	775.000000	-69.195274
929	-66.640511	-0.000073	525.000000	-66.001762
930	-66.204018	-0.000078	350.000000	-64.916992
931	-60.250118	-0.000166	225.000000	-65.173019
932	-49.015274	-0.000435	225.000000	-55.315086
933	-44.749622	0.000233	175.000000	-45.954407
934	-44.657562	0.000042	150.000000	-41.541016
935	-44.715252	0.000039	250.000000	-44.472389
936	-46.535774	0.000447	300.000000	-54.936420
937	-58.761101	-0.000257	375.000000	-60.256050
938	-60.818317	-0.000050	350.000000	-62.585583
939	-60.464836	-0.000010	375.000000	-60.789646
940	-52.015518	0.000305	350.000000	-58.113255
941	-48.156788	0.000146	275.000000	-50.043602
942	-44.099087	-0.000864	350.000000	-45.426895
943	-36.868900	0.000068	325.000000	-40.864014
944	-34.786385	-0.001389	350.000000	-34.008240
945	-29.523853	0.001244	450.000000	-31.733051
946	-27.682434	0.001892	500.000000	-27.487059
947	-25.347654	-0.000556	475.000000	-25.495115
948	-23.766140	0.001381	575.000000	-24.545084
949	-23.575106	-0.003253	500.000000	-22.310123
950	-22.313709	0.000259	525.000000	-23.379198
951	-22.702456	-0.001864	625.000000	-21.890511
952	-21.500896	0.001149	625.000000	-21.762417
953	-21.248802	0.001366	675.000000	-21.037687
954	-20.876045	0.000096	725.000000	-20.621662
955	-20.286512	0.002533	675.000000	-21.019917
956	-20.824989	-0.001093	750.000000	-20.011726
957	-20.329676	0.001155	775.000000	-21.239866
958	-20.966949	-0.002214	800.000000	-20.141327
959	-20.857504	-0.000649	800.000000	-21.301136
960	-21.477148	-0.002371	800.000000	-21.076792
961	-21.690565	-0.000925	800.000000	-21.732704
962	-21.889229	0.001057	750.000000	-22.111568
963	-22.745684	0.000181	775.000000	-22.056831
964	-23.322153	0.002998	750.000000	-23.817177
965	-25.631475	0.000837	750.000000	-25.345762
966	-27.319366	-0.000157	825.000000	-29.953072
967	-30.903824	0.000338	775.000000	-29.653223
968	-30.979120	-0.001058	750.000000	-31.794821
969	-31.603779	-0.000476	750.000000	-31.264782
970	-33.291904	0.000494	650.000000	-33.246437
971	-33.435078	0.000065	675.000000	-36.182644
972	-36.529354	0.000369	675.000000	-34.850178
973	-35.923325	-0.000100	650.000000	-37.378326
974	-37.009857	-0.000098	675.000000	-36.429440
975	-35.600212	0.000067	625.000000	-36.861740
976	-34.650105	-0.000243	675.000000	-35.376873
977	-34.870098	-0.000533	625.000000	-32.645531
978	-30.498293	0.000413	625.000000	-34.034420
979	-30.191904	0.000253	675.000000	-29.071552
980	-26.852764	0.000099	550.000000	-28.018082
981	-24.949640	0.001393	550.000000	-26.042234
982	-24.053776	-0.003411	575.000000	-22.985476
983	-22.545116	-0.000587	575.000000	-23.366850
984	-23.489458	-0.001027	625.000000	-21.376904
985	-24.505142	-0.000088	625.000000	-24.619249
986	-26.224665	0.003095	650.000000	-30.867134
987	-30.053940	0.001207	600.000000	-30.760242
988	-29.575678	0.001672	600.000000	-29.645582
989	-26.573568	-0.003359	650.000000	-28.466749
990	-23.960487	-0.000044	625.000000	-25.174734
991	-23.743149	-0.000908	600.000000	-21.290794
992	-22.404411	-0.000733	600.000000	-23.576796
993	-23.207079	0.001682	625.000000	-22.887184
994	-23.585300	-0.000891	625.000000	-23.512993
995	-23.918306	0.000199	775.000000	-24.078388
996	-24.778963	-0.000377	775.000000	-24.337980
997	-24.538313	0.002243	750.000000	-25.622429
998	-24.207115	0.001085	775.000000	-24.768696
999	-23.551388	-0.000014	825.000000	-24.130917
1000	-23.389532	0.000440	875.000000	-21.859617
1001	-22.575205	-0.001416	875.000000	-24.150156
1002	-24.098930	-0.003430	875.000000	-22.305033
1003	-23.171967	0.000845	750.000000	-24.369503
1004	-24.086872	-0.001252	650.000000	-23.546423
1005	-24.376610	0.001469	600.000000	-24.079594
1006	-24.505793	0.003355	600.000000	-25.179525
1007	-27.214626	-0.001166	575.000000	-25.621061
1008	-27.677843	0.002341	650.000000	-30.773087
1009	-30.741386	-0.000717	575.000000	-31.966454
1010	-31.213247	0.000944	600.000000	-30.219332
1011	-29.832851	0.001338	475.000000	-30.613817
1012	-29.877443	0.000629	375.000000	-29.957645
1013	-29.181213	0.000563	375.000000	-29.196835
1014	-28.745502	0.000334	225.000000	-28.983433
1015	-28.408937	-0.000327	250.000000	-28.230747
1016	-28.011858	-0.000447	200.000000	-27.988972
1017	-28.217361	-0.000696	200.000000	-27.876141
1018	-28.084036	-0.001462	250.000000	-28.068914
1019	-29.334000	-0.000537	300.000000	-28.413961
1020	-29.397413	-0.002076	325.000000	-30.368702
1021	-31.018764	0.000325	375.000000	-30.751915
1022	-30.689585	-0.002491	350.000000	-31.378056
1023	-30.466335	0.000210	325.000000	-31.254280
1024	-27.964790	-0.001617	325.000000	-29.443192
1025	-27.027102	-0.001563	300.000000	-26.838724
1026	-24.912851	0.004205	325.000000	-24.689142
1027	-24.016081	-0.002357	325.000000	-23.923096
1028	-24.182529	0.005784	375.000000	-23.783680
1029	-23.228657	0.000458	375.000000	-23.555904
1030	-24.167925	-0.004552	375.000000	-23.533281
1031	-23.935686	0.004124	400.000000	-23.996529
1032	-23.977957	-0.004026	375.000000	-23.943316
1033	-25.473244	0.001643	400.000000	-24.850166
1034	-25.678881	0.003734	375.000000	-26.783333
1035	-25.872519	-0.001528	350.000000	-26.723099
1036	-25.521374	0.001552	325.000000	-25.378136
1037	-25.286028	-0.004698	325.000000	-24.909946
1038	-24.502140	0.000812	375.000000	-24.925705
1039	-23.996670	-0.000078	400.000000	-24.214188
1040	-24.154577	-0.000703	425.000000	-23.480696
1041	-23.534491	0.002998	450.000000	-23.594719
1042	-23.562927	-0.001606	425.000000	-23.853928
1043	-24.125168	-0.001248	450.000000	-23.746477
1044	-23.806437	0.001297	450.000000	-24.241909
1045	-23.699940	-0.002678	450.000000	-23.996321
1046	-23.513187	0.000836	475.000000	-22.935009
1047	-22.345106	0.001851	450.000000	-22.890074
1048	-21.599495	-0.003941	450.000000	-21.821321
1049	-20.811401	0.004156	475.000000	-21.119154
1050	-20.583727	-0.001636	475.000000	-20.411503
1051	-20.057451	-0.000766	500.000000	-19.685764
1052	-19.861462	0.002332	475.000000	-19.287224
1053	-20.043400	-0.001394	475.000000	-19.839085
1054	-20.065424	0.000286	475.000000	-20.880753
1055	-21.343582	-0.000733	475.000000	-21.425211
1056	-21.897455	-0.000341	500.000000	-21.794933
1057	-21.944187	0.002999	500.000000	-22.162479
1058	-21.867760	-0.001896	475.000000	-21.714127
1059	-21.689648	0.001263	475.000000	-21.472086
1060	-22.493164	-0.001478	475.000000	-22.079172
1061	-23.684643	-0.001647	500.000000	-24.099564
1062	-24.906008	0.003014	475.000000	-25.177940
1063	-26.451017	-0.001094	425.000000	-25.909376
1064	-27.452864	0.002308	400.000000	-27.742064
1065	-29.221754	-0.001350	375.000000	-30.651133
1066	-31.871569	-0.002446	375.000000	-33.206635
1067	-32.768494	0.000356	400.000000	-33.296936
1068	-32.050537	-0.000105	375.000000	-31.508974
1069	-31.237709	0.000419	350.000000	-30.575228
1070	-31.242617	0.001866	350.000000	-30.861048
1071	-31.692497	0.000039	325.000000	-32.315647
1072	-33.001495	-0.001659	350.000000	-33.830681
1073	-33.922771	-0.000438	325.000000	-34.173347
1074	-33.852806	-0.000239	350.000000	-33.222382
1075	-33.991711	-0.000485	350.000000	-33.174938
1076	-34.339012	0.001721	325.000000	-34.433331
1077	-35.863590	0.000258	300.000000	-36.539463
1078	-37.868874	-0.000255	275.000000	-39.750980
1079	-38.794346	-0.000498	300.000000	-40.509617
1080	-39.264179	-0.000697	300.000000	-38.171139
1081	-38.818714	-0.000320	300.000000	-37.867317
1082	-39.696800	-0.000243	325.000000	-40.594318
1083	-41.210823	0.000254	300.000000	-41.048435
1084	-41.754063	0.000107	300.000000	-41.055080
1085	-43.271172	0.000306	275.000000	-43.034527
1086	-44.425228	-0.000017	325.000000	-45.958969
1087	-47.252556	0.000339	325.000000	-49.497280
1088	-49.131073	0.000068	350.000000	-49.185806
1089	-49.395267	0.000115	400.000000	-49.001949
1090	-48.752739	0.000225	325.000000	-49.384930
1091	-49.138493	0.000029	375.000000	-48.485924
1092	-49.382866	0.000231	350.000000	-48.778042
1093	-49.360813	0.000136	350.000000	-49.922279
1094	-50.278496	0.000052	325.000000	-50.216339
1095	-50.783779	0.000044	250.000000	-50.894062
1096	-51.630333	-0.000150	300.000000	-52.418850
1097	-52.848801	-0.000084	325.000000	-52.595585
1098	-53.346302	-0.000038	400.000000	-53.644424
1099	-54.067654	-0.000127	450.000000	-53.633293
1100	-53.323513	-0.000062	375.000000	-53.534817
1101	-53.598042	-0.000134	350.000000	-52.916607
1102	-54.382500	-0.000081	350.000000	-53.766430
1103	-55.381924	0.000060	375.000000	-56.721291
1104	-57.308556	-0.000021	400.000000	-59.103748
1105	-50.962444	-0.000082	350.000000	-56.043247
1106	-49.874271	-0.000016	425.000000	-48.631794
1107	-43.875046	-0.000686	375.000000	-46.579239
1108	-42.167786	0.000284	425.000000	-42.107998
1109	-42.061283	0.000231	675.000000	-39.373531
1110	-40.495049	0.000146	900.000000	-42.737026
1111	-41.546295	0.000897	1200.000000	-41.992367
1112	-39.376495	-0.000403	1175.000000	-40.546822
1113	-39.090878	0.000288	1000.000000	-38.982403
1114	-37.386948	-0.001413	875.000000	-37.376690
1115	-35.580181	0.000120	575.000000	-36.855434
1116	-34.755753	-0.002032	750.000000	-33.366867
1117	-32.967628	-0.000357	675.000000	-34.201080
1118	-32.505562	-0.001082	575.000000	-31.375950
1119	-31.648252	-0.000624	600.000000	-32.858116
1120	-31.592741	0.000470	375.000000	-30.616251
1121	-31.137857	-0.000709	375.000000	-32.110077
1122	-31.321686	0.001708	300.000000	-30.573357
1123	-30.305418	-0.000386	275.000000	-31.472069
1124	-30.503565	0.002286	300.000000	-29.563835
1125	-29.216747	0.000940	225.000000	-29.922857
1126	-29.228260	0.002238	250.000000	-28.736473
1127	-28.556437	0.002160	200.000000	-28.604351
1128	-28.182699	0.001678	275.000000	-28.637579
1129	-28.645445	0.001142	275.000000	-27.609936
1130	-28.703066	-0.000575	275.000000	-29.407558
1131	-30.964800	-0.002743	275.000000	-29.717573
1132	-31.811436	-0.001101	200.000000	-33.719059
1133	-35.618160	-0.001998	225.000000	-35.677132
1134	-36.475983	-0.000188	200.000000	-37.016949
1135	-37.000000	0.002120	225.000000	-37.986614
1136	-35.102779	-0.000448	200.000000	-36.992546
1137	-34.508762	0.000895	175.000000	-33.927528
1138	-32.442924	-0.001823	200.000000	-32.837543
1139	-31.937105	-0.001866	225.000000	-31.634508
1140	-31.475040	-0.003116	225.000000	-30.821587
1141	-30.856218	-0.000598	275.000000	-31.130726
1142	-31.708136	0.000379	325.000000	-30.546736
1143	-31.402153	0.001266	275.000000	-32.906723
1144	-32.896271	0.003364	450.000000	-32.231117
1145	-31.621218	0.000020	425.000000	-33.692417
1146	-31.285398	0.001068	525.000000	-31.189274
1147	-31.359274	-0.000854	725.000000	-29.376476
1148	-30.087507	-0.000444	700.000000	-32.481697
1149	-31.372162	-0.000101	675.000000	-29.937235
1150	-30.040266	0.000889	675.000000	-30.775843
1151	-29.892078	0.001208	625.000000	-29.901646
1152	-29.279388	0.000855	675.000000	-29.197823
1153	-28.908760	0.001109	875.000000	-29.450336
1154	-29.280418	-0.001051	750.000000	-28.583426
1155	-28.771191	-0.001106	725.000000	-29.938599
1156	-29.715277	-0.002505	750.000000	-28.284742
1157	-28.370684	-0.000871	675.000000	-29.225620
1158	-28.854900	0.000003	850.000000	-28.049734
1159	-28.096460	0.000520	725.000000	-28.384848
1160	-28.084995	0.002155	675.000000	-28.557705
1161	-28.572330	-0.001118	625.000000	-27.911736
1162	-28.234413	-0.000048	575.000000	-29.413954
1163	-29.596510	-0.001853	625.000000	-27.770130
1164	-28.915895	-0.000416	575.000000	-30.345366
1165	-29.513624	-0.000001	600.000000	-28.931063
1166	-29.602211	0.000560	525.000000	-29.284607
1167	-29.937546	0.002066	525.000000	-30.006006
1168	-30.604395	-0.000781	475.000000	-31.598423
1169	-31.492157	0.003051	425.000000	-31.873072
1170	-31.930016	-0.000134	375.000000	-31.804312
1171	-32.423557	-0.000241	375.000000	-32.119465
1172	-32.927773	-0.000770	400.000000	-33.045803
1173	-32.591499	-0.001511	375.000000	-33.343033
1174	-32.733181	-0.002537	375.000000	-31.709665
1175	-31.272442	0.001094	325.000000	-31.997602
1176	-31.345570	0.000248	275.000000	-30.518171
1177	-30.054661	0.000621	275.000000	-31.059561
1178	-30.349649	0.002282	325.000000	-29.698851
1179	-28.186310	-0.000171	325.000000	-29.525345
1180	-27.751415	0.001542	400.000000	-27.422134
1181	-27.868580	0.000019	400.000000	-26.453480
1182	-27.186926	-0.000081	400.000000	-28.260275
1183	-27.042114	0.000615	475.000000	-28.248928
1184	-26.311066	0.001212	500.000000	-26.156927
1185	-25.169678	0.000540	500.000000	-24.620321
1186	-24.559385	0.001093	550.000000	-25.023073
1187	-24.614510	-0.001661	600.000000	-24.098209
1188	-24.174776	-0.001106	625.000000	-24.629578
1189	-24.448490	-0.001890	700.000000	-24.022512
1190	-24.482906	0.000080	725.000000	-24.349674
1191	-24.763615	-0.000646	750.000000	-24.722778
1192	-25.316082	0.000388	750.000000	-25.378351
1193	-25.818367	-0.000340	775.000000	-25.575277
1194	-26.521519	-0.000544	825.000000	-26.761980
1195	-26.809509	0.000364	750.000000	-26.879404
1196	-27.597239	-0.000510	800.000000	-27.869173
1197	-27.470703	0.001043	850.000000	-27.540451
1198	-28.105179	-0.000436	850.000000	-28.207748
1199	-28.348810	0.000730	850.000000	-27.869040
1200	-29.112986	-0.000420	775.000000	-29.164175
1201	-30.997257	0.000549	600.000000	-30.408997
1202	-31.652824	-0.000111	450.000000	-33.480091
1203	-33.627216	0.000832	400.000000	-34.276718
1204	-33.145348	-0.000244	400.000000	-32.856579
1205	-32.668259	0.000604	350.000000	-32.872707
1206	-31.949480	-0.000630	350.000000	-31.614405
1207	-31.553175	0.000530	250.000000	-31.819935
1208	-30.948618	-0.000884	200.000000	-30.624165
1209	-30.864723	0.000205	225.000000	-30.953526
1210	-30.310398	-0.001460	200.000000	-30.246170
1211	-30.637045	-0.000424	225.000000	-30.934187
1212	-30.471558	-0.001267	200.000000	-30.229988
1213	-30.754696	-0.000707	300.000000	-31.283768
1214	-30.945793	-0.000632	300.000000	-30.555246
1215	-30.519796	-0.000797	350.000000	-31.293211
1216	-30.551746	-0.000571	350.000000	-29.581249
1217	-29.730522	-0.000782	300.000000	-30.548330
1218	-29.571003	-0.000306	275.000000	-28.880924
1219	-29.181229	-0.000798	300.000000	-29.763273
1220	-29.092123	0.000167	275.000000	-28.759930
1221	-28.947376	-0.000656	350.000000	-29.496817
1222	-29.040375	0.000573	325.000000	-28.808437
1223	-29.002155	-0.000082	450.000000	-29.151581
1224	-29.212214	0.001366	425.000000	-29.153629
1225	-29.440363	0.000665	400.000000	-29.138880
1226	-29.688417	0.002121	400.000000	-29.681202
1227	-29.856647	0.001055	350.000000	-29.474819
1228	-30.481825	0.002005	350.000000	-29.711542
1229	-30.746092	0.000324	300.000000	-31.790266
1230	-31.614876	0.001138	325.000000	-31.939602
1231	-33.204193	-0.000495	250.000000	-32.670250
1232	-33.377914	0.000294	275.000000	-35.006924
1233	-36.098007	-0.000484	275.000000	-35.575764
1234	-35.942852	-0.000223	250.000000	-36.129410
1235	-37.324413	-0.000194	275.000000	-38.003979
1236	-37.686367	-0.000849	250.000000	-37.030689
1237	-38.104774	-0.000353	300.000000	-38.540134
1238	-38.353321	-0.001235	300.000000	-37.692715
1239	-38.569736	-0.000575	250.000000	-38.280083
1240	-38.640507	-0.000709	250.000000	-38.900928
1241	-38.596291	-0.000230	200.000000	-38.549747
1242	-39.380146	0.000049	175.000000	-39.017578
1243	-39.390667	0.000153	200.000000	-39.995613
1244	-40.959995	0.000168	175.000000	-41.234177
1245	-41.553875	0.000287	175.000000	-41.744396
1246	-42.337875	0.000068	200.000000	-42.905098
1247	-43.357212	0.000237	175.000000	-43.012268
1248	-43.039085	-0.000049	250.000000	-43.960102
1249	-44.328987	0.000350	225.000000	-43.734138
1250	-41.260803	-0.000990	250.000000	-43.892883
1251	-36.853680	0.000807	325.000000	-40.253281
1252	-32.158829	-0.001190	300.000000	-33.641880
1253	-30.732224	0.001156	375.000000	-30.214209
1254	-27.024742	0.002862	425.000000	-27.990803
1255	-26.094116	-0.001396	425.000000	-25.774134
1256	-24.848547	0.001218	450.000000	-24.500431
1257	-23.939505	-0.001040	450.000000	-23.948946
1258	-23.975399	-0.000476	475.000000	-23.790525
1259	-23.150072	-0.001777	475.000000	-23.491102
1260	-22.922192	0.002047	475.000000	-23.060719
1261	-22.316172	-0.000149	475.000000	-21.818417
1262	-22.720119	-0.001551	500.000000	-21.881643
1263	-23.267076	0.003704	575.000000	-24.019938
1264	-23.457243	-0.003659	625.000000	-24.891125
1265	-24.448093	-0.001315	650.000000	-23.835167
1266	-23.354692	0.001070	675.000000	-22.992943
1267	-22.978720	-0.002107	650.000000	-23.119057
1268	-23.581818	0.001003	675.000000	-23.174089
1269	-23.274353	0.001949	775.000000	-23.550978
1270	-23.604996	-0.001268	800.000000	-24.174080
1271	-24.276623	-0.000158	850.000000	-24.018040
1272	-23.002207	0.001095	850.000000	-23.175875
1273	-22.728607	-0.002192	800.000000	-22.724667
1274	-22.771421	0.001875	775.000000	-22.484087
1275	-22.091902	0.001240	750.000000	-22.196928
1276	-22.354950	0.000123	725.000000	-22.496910
1277	-22.788282	0.000374	650.000000	-22.608770
1278	-23.056206	-0.000708	675.000000	-22.851770
1279	-22.489817	0.000387	700.000000	-23.245422
1280	-22.439596	0.000045	650.000000	-22.254662
1281	-21.904507	-0.000149	700.000000	-21.698442
1282	-21.227167	-0.000661	675.000000	-20.967718
1283	-21.229721	-0.001327	600.000000	-21.494905
1284	-21.095737	0.001875	625.000000	-21.227964
1285	-20.909666	0.001854	600.000000	-20.768984
1286	-21.364542	0.000281	600.000000	-20.541458
1287	-22.386183	-0.000286	650.000000	-22.450897
1288	-23.447882	-0.003130	650.000000	-24.577009
1289	-25.309986	0.000837	650.000000	-25.779819
1290	-26.594032	0.000479	600.000000	-26.777662
1291	-26.985128	0.000492	550.000000	-26.958630
1292	-27.610598	0.001262	575.000000	-27.351326
1293	-27.947702	-0.001915	550.000000	-27.873278
1294	-28.510328	-0.000900	550.000000	-28.503492
1295	-29.594862	0.000780	575.000000	-29.439548
1296	-30.091387	0.000374	550.000000	-30.318434
1297	-31.024498	0.000281	575.000000	-31.239651
1298	-31.760109	-0.000826	550.000000	-31.908340
1299	-32.276966	0.000373	550.000000	-32.450275
1300	-33.468315	-0.000680	575.000000	-33.195259
1301	-34.326664	-0.000080	575.000000	-34.333675
1302	-36.087730	0.001309	575.000000	-36.112576
1303	-37.557735	-0.000898	575.000000	-37.931576
1304	-39.157024	-0.000328	550.000000	-39.741421
1305	-40.973595	0.000544	525.000000	-41.567753
1306	-42.803272	-0.000192	500.000000	-42.497372
1307	-43.935707	0.000221	500.000000	-43.853909
1308	-45.071705	0.000250	500.000000	-45.437000
1309	-46.671162	-0.000016	600.000000	-46.975811
1310	-47.049664	-0.000438	800.000000	-48.043297
1311	-46.963409	0.000118	1075.000000	-47.518082
1312	-45.888470	0.000330	1225.000000	-46.045818
1313	-44.923130	-0.000337	1475.000000	-44.769970
1314	-43.021206	0.000185	1500.000000	-43.553875
1315	-42.037025	0.000064	1400.000000	-42.232304
1316	-39.719696	0.000279	1250.000000	-40.725006
1317	-36.709534	-0.000418	850.000000	-37.860741
1318	-33.864033	0.001073	600.000000	-34.705067
1319	-31.520557	-0.001374	375.000000	-31.944937
1320	-29.228121	-0.000961	325.000000	-29.249273
1321	-27.741970	0.001753	375.000000	-27.379816
1322	-27.321529	-0.000523	425.000000	-26.706320
1323	-27.380306	0.000693	525.000000	-27.352619
1324	-28.050713	0.001214	675.000000	-28.686174
1325	-29.106071	-0.002090	675.000000	-29.090321
1326	-29.023048	-0.000742	725.000000	-29.066513
1327	-28.053181	0.000388	675.000000	-28.252190
1328	-27.131409	-0.000373	575.000000	-27.168055
1329	-25.873234	0.001853	550.000000	-26.370119
1330	-25.214264	-0.000985	525.000000	-25.479670
1331	-24.800692	0.001896	525.000000	-24.567926
1332	-24.210159	-0.001024	525.000000	-24.246777
1333	-23.977213	-0.002567	525.000000	-23.544037
1334	-23.730820	0.002181	525.000000	-23.398830
1335	-23.620762	-0.001507	525.000000	-23.554739
1336	-24.052284	0.000941	525.000000	-23.971319
1337	-24.675032	0.002485	525.000000	-24.949602
1338	-25.672987	-0.001561	500.000000	-25.996260
1339	-26.776857	0.000776	500.000000	-26.863039
1340	-27.625298	-0.001466	500.000000	-27.847639
1341	-28.509445	-0.000950	525.000000	-27.789007
1342	-28.203800	0.001123	550.000000	-28.958689
1343	-29.168930	-0.000528	575.000000	-28.204308
1344	-28.494638	0.000697	600.000000	-29.789652
1345	-27.808249	0.000418	625.000000	-28.955418
1346	-28.910597	-0.000422	750.000000	-26.728226
1347	-28.943075	-0.000392	775.000000	-29.105877
1348	-30.346695	-0.000405	725.000000	-33.047829
1349	-31.378138	-0.001045	750.000000	-32.671383
1350	-31.413050	-0.000186	625.000000	-29.378839
1351	-31.810690	0.000041	675.000000	-30.836485
1352	-32.964943	0.000891	675.000000	-35.828259
1353	-36.470409	0.000430	700.000000	-38.973808
1354	-38.398186	-0.000047	625.000000	-36.619759
1355	-38.394646	-0.000632	575.000000	-38.678535
1356	-38.850899	-0.000311	575.000000	-40.547947
1357	-40.360306	0.000154	450.000000	-38.781605
1358	-40.319485	0.000097	500.000000	-40.741768
1359	-41.367603	0.000734	450.000000	-42.006741
1360	-43.287781	0.000057	450.000000	-42.905224
1361	-43.786873	0.000157	525.000000	-44.324116
1362	-44.298191	0.000369	550.000000	-45.395767
1363	-44.236423	-0.000087	550.000000	-43.634563
1364	-44.917755	0.000169	500.000000	-43.398857
1365	-45.298340	0.000057	475.000000	-46.630882
1366	-47.387581	-0.000198	450.000000	-48.987694
1367	-50.288136	0.000015	475.000000	-49.725723
1368	-51.374733	-0.000055	525.000000	-52.277653
1369	-54.352161	-0.000036	575.000000	-54.441509
1370	-56.760971	-0.000019	650.000000	-57.825375
1371	-59.796978	-0.000043	700.000000	-60.270645
1372	-61.155678	-0.000069	750.000000	-62.368992
1373	-61.874859	-0.000050	725.000000	-61.632740
1374	-62.939236	-0.000028	725.000000	-61.448086
1375	-63.553078	-0.000025	650.000000	-64.706367
1376	-65.730698	0.000004	675.000000	-67.737305
1377	-68.585434	-0.000000	650.000000	-68.930511
1378	-68.847137	0.000018	700.000000	-69.624199
1379	-69.813911	0.000044	825.000000	-68.867645
1380	-69.397827	0.000034	850.000000	-70.448784
1381	-69.138359	-0.000028	1425.000000	-70.138237
1382	-63.254025	0.000058	1400.000000	-67.184052
1383	-44.473343	0.000218	1250.000000	-53.812702
1384	-42.999233	-0.000177	1075.000000	-42.304432
1385	-42.474277	0.000362	500.000000	-39.990936
1386	-41.114620	-0.000187	425.000000	-42.800461
1387	-43.194313	0.000290	575.000000	-42.492733
1388	-39.737137	0.000538	600.000000	-42.478607
1389	-39.754993	0.000339	800.000000	-38.564785
1390	-36.094395	0.000769	725.000000	-37.814228
1391	-35.799347	-0.000038	650.000000	-35.810482
1392	-34.176346	-0.000255	650.000000	-33.840412
1393	-33.588787	-0.000560	475.000000	-34.401047
1394	-33.706615	-0.002366	550.000000	-32.371696
1395	-31.946470	-0.000164	400.000000	-33.369999
1396	-32.311935	-0.002533	375.000000	-30.672987
1397	-30.806417	-0.000250	350.000000	-32.057812
1398	-30.998301	0.000646	475.000000	-30.015717
1399	-30.469189	-0.001317	475.000000	-31.340179
1400	-30.743559	0.003122	550.000000	-30.395868
1401	-31.309784	0.000167	525.000000	-30.631083
1402	-31.197039	0.001648	425.000000	-32.413689
1403	-33.256046	0.000356	525.000000	-31.721415
1404	-33.756306	-0.000158	450.000000	-34.165962
1405	-35.719757	-0.000149	500.000000	-37.871021
1406	-36.509499	0.000335	425.000000	-37.143505
1407	-36.710423	0.001579	375.000000	-35.857525
1408	-36.115372	-0.000156	325.000000	-36.086712
1409	-36.349899	0.000764	250.000000	-37.047550
1410	-38.132961	-0.000657	225.000000	-36.739243
1411	-38.199398	-0.000853	225.000000	-39.785217
1412	-39.338150	-0.000049	250.000000	-39.670834
1413	-38.622303	-0.001760	325.000000	-39.003330
1414	-36.526581	-0.000352	400.000000	-37.463413
1415	-36.643314	-0.000034	425.000000	-34.503857
1416	-32.934719	0.000788	450.000000	-36.334805
1417	-31.524590	0.002116	425.000000	-31.955009
1418	-31.060656	-0.000232	475.000000	-29.287012
1419	-30.358898	-0.000509	625.000000	-30.435108
1420	-31.505449	-0.001541	775.000000	-31.550783
1421	-30.014578	-0.001799	750.000000	-32.063175
1422	-28.837784	0.001399	750.000000	-29.202208
1423	-28.193117	0.000777	625.000000	-26.856056
1424	-26.479559	0.000920	525.000000	-27.660666
1425	-27.161037	0.000764	575.000000	-25.885529
1426	-25.804731	-0.002243	550.000000	-26.822384
1427	-25.590900	0.000224	550.000000	-25.780399
1428	-26.723053	-0.000125	700.000000	-24.559080
1429	-26.871260	0.000671	725.000000	-28.875246
1430	-29.846073	0.001231	700.000000	-30.550543
1431	-30.578915	0.000070	700.000000	-31.597891
1432	-30.545164	-0.000714	525.000000	-30.126966
1433	-29.720329	0.000120	475.000000	-30.001635
1434	-29.277210	0.000180	475.000000	-29.756563
1435	-29.651480	-0.000775	475.000000	-28.570724
1436	-28.999298	0.001194	500.000000	-29.458391
1437	-29.543892	-0.000817	475.000000	-29.097992
1438	-29.752462	0.000443	475.000000	-29.761875
1439	-30.340654	0.000276	475.000000	-31.147013
1440	-32.106350	-0.000618	475.000000	-30.829027
1441	-33.007973	0.000201	525.000000	-33.752129
1442	-35.184692	-0.000719	525.000000	-35.165672
1443	-36.743053	-0.000927	500.000000	-37.857182
1444	-38.392025	0.000118	425.000000	-38.694859
1445	-40.130322	0.000343	400.000000	-40.029732
1446	-38.991421	0.000111	350.000000	-41.778339
1447	-39.218853	0.000746	325.000000	-38.708256
1448	-37.474556	-0.002005	375.000000	-36.993717
1449	-34.053959	-0.000514	350.000000	-36.148476
1450	-33.408062	-0.000030	400.000000	-31.954693
1451	-28.139601	-0.000531	425.000000	-31.166887
1452	-27.005407	0.002572	475.000000	-26.440096
1453	-26.047039	-0.000054	500.000000	-24.823790
1454	-24.108683	0.001441	525.000000	-26.086134
1455	-24.541384	0.002088	600.000000	-23.271439
1456	-22.644695	-0.001927	600.000000	-24.007761
1457	-22.590143	-0.001068	625.000000	-21.719278
1458	-21.597273	-0.002664	650.000000	-21.427343
1459	-21.355122	-0.000632	650.000000	-21.299191
1460	-21.487049	0.001207	625.000000	-21.143147
1461	-21.078583	0.002094	650.000000	-22.157917
1462	-21.918463	0.000982	650.000000	-20.898109
1463	-21.284103	-0.000710	675.000000	-22.558495
1464	-22.090288	0.001007	650.000000	-20.874825
1465	-21.460445	-0.001499	675.000000	-22.738796
1466	-22.264410	-0.000918	625.000000	-21.314941
1467	-21.864408	-0.000402	600.000000	-22.216406
1468	-22.216127	-0.000623	725.000000	-22.039822
1469	-22.678766	0.000093	650.000000	-22.260981
1470	-22.253057	0.002622	725.000000	-23.480347
1471	-23.556238	-0.000964	800.000000	-22.264549
1472	-22.514866	-0.000591	750.000000	-24.263453
1473	-23.800951	-0.000968	850.000000	-22.106043
1474	-22.955143	-0.001042	800.000000	-23.899576
1475	-23.484343	0.000689	725.000000	-23.552649
1476	-24.440187	0.000759	775.000000	-23.299862
1477	-24.526054	0.002508	725.000000	-25.637953
1478	-27.230549	-0.000805	700.000000	-26.668566
1479	-28.573803	0.000633	800.000000	-29.676687
1480	-31.675734	-0.000558	775.000000	-32.154789
1481	-34.204575	-0.001173	775.000000	-35.233387
1482	-36.382114	0.000609	775.000000	-36.705647
1483	-37.460243	-0.001340	800.000000	-38.471096
1484	-34.401970	0.000311	750.000000	-37.516880
1485	-33.628307	0.000398	725.000000	-31.813169
1486	-31.491142	0.000506	675.000000	-31.912037
1487	-31.227861	0.001264	575.000000	-31.385874
1488	-32.449238	-0.000866	575.000000	-30.841951
1489	-33.003361	-0.000237	575.000000	-34.948116
1490	-36.668694	-0.000829	675.000000	-35.953358
1491	-37.636826	0.000225	675.000000	-38.737892
1492	-39.135616	0.000421	650.000000	-39.299919
1493	-40.102383	0.000124	750.000000	-39.574505
1494	-39.950256	-0.000113	650.000000	-41.894054
1495	-41.690132	-0.000172	900.000000	-40.263832
1496	-42.532639	0.000161	1000.000000	-42.555744
1497	-43.984665	-0.000149	1000.000000	-46.107723
1498	-45.841629	0.000075	1025.000000	-46.105587
1499	-45.041950	-0.000063	925.000000	-45.143639
1500	-45.525169	-0.000219	950.000000	-44.519909
1501	-45.968109	0.000103	1100.000000	-45.361935
1502	-47.509800	0.000034	1525.000000	-48.649982
1503	-50.015320	0.000011	1875.000000	-51.568943
1504	-51.562263	0.000103	2150.000000	-52.435524
1505	-52.413364	-0.000183	2375.000000	-51.874367
1506	-52.289673	0.000184	2150.000000	-51.949291
1507	-52.289692	-0.000022	2025.000000	-52.992821
1508	-52.528698	-0.000068	2075.000000	-52.444744
1509	-52.251305	0.000149	2100.000000	-52.327499
1510	-52.485489	-0.000135	2550.000000	-52.208740
1511	-51.382687	0.000035	2775.000000	-52.427521
1512	-51.083466	-0.000021	2650.000000	-50.852345
1513	-50.638695	-0.000097	2550.000000	-49.762909
1514	-50.767231	0.000013	2125.000000	-50.362038
1515	-52.132992	-0.000027	1800.000000	-52.403599
1516	-52.810673	0.000073	1625.000000	-54.433491
1517	-53.085526	-0.000101	1300.000000	-54.065159
1518	-42.859600	0.000244	1050.000000	-50.155285
1519	-41.368492	0.000217	850.000000	-40.889572
1520	-35.598698	-0.000415	550.000000	-38.251656
1521	-33.026176	0.000098	500.000000	-33.726433
1522	-32.980515	-0.000473	525.000000	-30.349688
1523	-30.769886	0.000295	475.000000	-32.614838
1524	-31.163868	0.000419	525.000000	-31.093864
1525	-32.070034	0.000258	550.000000	-30.071356
1526	-31.167877	0.000356	525.000000	-33.882195
1527	-33.647968	-0.000215	575.000000	-32.476162
1528	-33.274258	0.000147	550.000000	-33.627998
1529	-32.867924	0.000174	525.000000	-34.279366
1530	-34.296379	-0.001248	550.000000	-32.029774
1531	-32.571392	0.000230	500.000000	-34.314720
1532	-33.676857	0.000069	525.000000	-32.724586
1533	-34.458344	-0.000669	575.000000	-33.253162
1534	-33.841957	0.001207	575.000000	-37.370216
1535	-36.693134	-0.000286	600.000000	-34.644505
1536	-36.710777	-0.000321	575.000000	-36.755154
1537	-37.141338	0.000231	550.000000	-39.508785
1538	-40.111813	-0.000457	600.000000	-37.768402
1539	-39.246979	-0.000059	650.000000	-40.853783
1540	-41.154831	0.000418	825.000000	-41.393539
1541	-42.372696	-0.000316	725.000000	-42.225681
1542	-41.346073	0.000838	650.000000	-43.677326
1543	-42.878807	-0.000331	600.000000	-40.176105
1544	-42.184082	-0.000209	500.000000	-42.624546
1545	-42.938515	0.000310	500.000000	-45.532703
1546	-45.779388	-0.000696	525.000000	-43.954002
1547	-45.798729	0.000572	425.000000	-46.822548
1548	-47.488514	-0.000308	400.000000	-48.488575
1549	-49.510860	-0.000097	525.000000	-47.376431
1550	-49.128460	0.000522	475.000000	-50.365513
1551	-50.870220	-0.000504	500.000000	-50.684990
1552	-52.168045	0.000215	450.000000	-50.905487
1553	-52.059608	0.000127	350.000000	-54.093662
1554	-54.113514	-0.000245	425.000000	-54.395149
1555	-56.253632	0.000134	425.000000	-55.928009
1556	-57.578293	-0.000064	475.000000	-59.796059
1557	-60.534721	0.000003	475.000000	-60.019131
1558	-61.222740	-0.000019	475.000000	-60.854374
1559	-62.026249	-0.000039	525.000000	-62.917091
1560	-63.849804	-0.000016	525.000000	-63.321995
1561	-64.485703	0.000015	525.000000	-64.949585
1562	-65.748474	0.000032	575.000000	-65.108650
1563	-66.360268	0.000010	575.000000	-66.479935
1564	-67.109810	0.000027	650.000000	-67.803154
1565	-69.239655	0.000027	675.000000	-68.514656
1566	-70.074028	0.000005	675.000000	-70.843170
1567	-71.459274	0.000034	700.000000	-73.458961
1568	-71.759109	0.000001	550.000000	-72.234978
1569	-71.645020	0.000003	600.000000	-70.291374
1570	-71.700005	-0.000008	700.000000	-71.025581
1571	-71.506226	-0.000012	750.000000	-73.023636
1572	-72.470406	-0.000018	1000.000000	-72.702286
1573	-72.666771	-0.000016	925.000000	-71.694725
1574	-72.609001	-0.000024	850.000000	-73.169487
1575	-72.813568	-0.000034	800.000000	-73.224464
1576	-73.730972	-0.000006	750.000000	-72.858498
1577	-73.484444	-0.000007	800.000000	-73.578842
1578	-73.920990	0.000004	950.000000	-75.114258
1579	-75.161446	0.000005	1000.000000	-74.347145
1580	-74.860954	-0.000000	950.000000	-75.100685
1581	-75.178070	0.000012	975.000000	-75.495323
1582	-74.845497	0.000016	825.000000	-74.418655
1583	-74.017769	0.000001	825.000000	-73.756287
1584	-73.088318	0.000024	750.000000	-73.539627
1585	-72.795486	-0.000012	700.000000	-72.754433
1586	-72.986572	0.000002	825.000000	-72.617859
1587	-73.697678	0.000023	825.000000	-73.352486
1588	-74.693886	-0.000026	950.000000	-75.399933
1589	-75.547295	0.000011	1025.000000	-75.968307
1590	-76.622063	-0.000005	1200.000000	-75.869125
1591	-76.169197	-0.000041	1200.000000	-76.848129
1592	-76.843636	0.000008	1150.000000	-76.458977
1593	-76.021072	0.000004	1050.000000	-76.889076
1594	-74.481972	0.000013	650.000000	-75.256706
1595	-72.518898	0.000004	450.000000	-72.587151
1596	-71.937851	-0.000003	500.000000	-70.626389
1597	-72.261642	-0.000014	575.000000	-71.300240
1598	-72.711845	-0.000010	725.000000	-75.219872
1599	-74.623680	0.000034	800.000000	-76.085518
1600	-74.965561	0.000014	700.000000	-74.483810
1601	-74.289757	0.000002	700.000000	-74.078941
1602	-74.612335	0.000011	700.000000	-73.845848
1603	-75.031494	-0.000014	875.000000	-75.019356
1604	-75.482941	-0.000037	975.000000	-76.635178
1605	-74.448753	0.000027	925.000000	-76.019485
1606	-73.556656	-0.000024	850.000000	-73.321114
1607	-73.819000	-0.000008	850.000000	-72.474800
1608	-73.698860	0.000004	825.000000	-74.009140
1609	-74.233109	-0.000004	800.000000	-75.707413
1610	-74.989426	0.000006	900.000000	-73.626190
1611	-74.141617	0.000006	800.000000	-74.732819
1612	-73.729485	0.000009	775.000000	-74.343933
1613	-74.580643	-0.000026	875.000000	-73.605232
1614	-74.932777	0.000012	800.000000	-74.544121
1615	-75.824837	0.000011	1000.000000	-76.302162
1616	-76.949409	0.000003	1100.000000	-78.060844
1617	-77.526466	-0.000007	1150.000000	-77.317436
1618	-76.062225	-0.000004	1125.000000	-76.860359
1619	-75.724983	-0.000014	1000.000000	-75.290649
1620	-75.886650	0.000005	1050.000000	-74.577583
1621	-76.005424	0.000025	1025.000000	-76.678001
1622	-77.385742	0.000003	1150.000000	-78.531517
1623	-77.302773	-0.000009	1125.000000	-77.828857
1624	-77.215355	0.000005	950.000000	-76.491150
1625	-76.967606	-0.000004	975.000000	-76.806961
1626	-76.542656	-0.000010	900.000000	-76.899284
1627	-77.161766	0.000013	925.000000	-76.771675
1628	-77.367783	-0.000010	975.000000	-77.139267
1629	-77.122498	-0.000019	1100.000000	-78.063766
1630	-77.603668	0.000001	1100.000000	-76.803284
1631	-76.808945	0.000006	1025.000000	-77.497726
1632	-75.797852	-0.000007	950.000000	-76.477402
1633	-75.860748	0.000010	775.000000	-74.746040
1634	-75.624603	-0.000001	875.000000	-75.588242
1635	-76.175476	-0.000017	1025.000000	-76.486938
1636	-76.204918	0.000007	1125.000000	-76.730331
1637	-75.454887	-0.000015	1125.000000	-75.962250
1638	-75.651917	0.000004	1075.000000	-74.120171
1639	-75.059769	0.000010	1075.000000	-75.419357
1640	-76.122879	0.000004	1175.000000	-76.657768
1641	-77.505775	0.000010	1250.000000	-77.209045
1642	-77.764572	0.000003	1175.000000	-78.698692
1643	-78.454994	0.000010	1050.000000	-78.329941
1644	-78.125938	0.000004	1000.000000	-78.084587
1645	-77.757027	0.000004	975.000000	-78.077591
1646	-77.216026	-0.000019	1100.000000	-77.567162
1647	-76.564949	0.000003	1025.000000	-76.931610
1648	-75.151917	-0.000036	875.000000	-75.132591
1649	-74.878021	-0.000009	725.000000	-74.368401
1650	-74.327591	-0.000033	675.000000	-74.400864
1651	-73.363220	-0.000006	550.000000	-74.704193
1652	-73.217621	-0.000001	575.000000	-72.575935
1653	-73.273132	-0.000004	550.000000	-72.176231
1654	-73.719353	0.000053	500.000000	-73.941841
1655	-75.310837	-0.000014	650.000000	-75.903770
1656	-76.780540	0.000036	925.000000	-77.354187
1657	-76.347008	0.000010	1050.000000	-76.890762
1658	-76.022087	0.000010	1000.000000	-76.160202
1659	-75.260468	-0.000010	975.000000	-74.928192
1660	-75.719788	-0.000004	775.000000	-74.833916
1661	-75.665871	-0.000019	750.000000	-76.462494
1662	-75.929016	-0.000014	675.000000	-76.388557
1663	-76.608147	0.000019	800.000000	-75.853271
1664	-75.927528	-0.000016	850.000000	-76.571686
1665	-76.797440	0.000007	925.000000	-76.286728
1666	-77.014381	-0.000026	1200.000000	-76.890732
1667	-75.627373	0.000012	1050.000000	-77.112198
1668	-73.894875	-0.000022	975.000000	-74.238853
1669	-72.576164	0.000019	725.000000	-72.277687
1670	-72.632339	0.000014	600.000000	-71.425598
1671	-73.534073	-0.000022	750.000000	-73.418480
1672	-75.753410	0.000033	900.000000	-78.135574
1673	-78.694382	0.000001	1075.000000	-80.234337
1674	-78.891563	0.000019	1050.000000	-78.405067
1675	-77.302773	0.000004	1025.000000	-77.249611
1676	-75.541405	0.000032	875.000000	-76.034241
1677	-74.348869	-0.000019	825.000000	-74.061401
1678	-74.269775	-0.000010	800.000000	-73.218613
1679	-74.220398	0.000005	775.000000	-74.460777
1680	-75.302689	-0.000019	850.000000	-76.547211
1681	-75.800255	-0.000028	825.000000	-75.960609
1682	-74.637634	-0.000008	800.000000	-75.573547
1683	-75.576408	-0.000003	875.000000	-73.932816
1684	-75.605263	-0.000010	900.000000	-75.256073
1685	-76.585060	0.000027	1075.000000	-79.402908
1686	-78.905289	-0.000022	1350.000000	-78.204704
1687	-76.865074	0.000006	1175.000000	-77.160110
1688	-76.859550	-0.000005	1150.000000	-75.719902
1689	-77.259514	0.000014	1025.000000	-76.726616
1690	-77.228027	0.000019	875.000000	-78.774345
1691	-78.595390	-0.000028	1050.000000	-78.917809
1692	-78.939812	-0.000004	1100.000000	-78.457680
1693	-78.159729	-0.000029	1100.000000	-78.837593
1694	-77.789574	0.000003	925.000000	-77.622192
1695	-77.859276	0.000024	900.000000	-77.141243
1696	-77.171646	0.000021	900.000000	-78.022705
1697	-76.749939	0.000009	875.000000	-77.416237
1698	-77.090034	-0.000031	950.000000	-76.711502
1699	-76.534111	-0.000016	825.000000	-76.078705
1700	-76.213364	0.000008	650.000000	-76.793106
1701	-76.606987	0.000016	675.000000	-75.939194
1702	-76.903320	0.000036	825.000000	-76.346031
1703	-77.849243	0.000017	875.000000	-78.138557
1704	-77.196098	-0.000045	1050.000000	-79.998436
1705	-77.361580	-0.000010	1000.000000	-76.322090
1706	-76.719543	0.000001	800.000000	-75.672264
1707	-76.285309	0.000004	925.000000	-77.336029
1708	-76.982086	0.000014	825.000000	-77.122566
1709	-77.063599	-0.000010	975.000000	-76.899124
1710	-77.698601	-0.000038	1175.000000	-76.917488
1711	-77.933243	-0.000026	1025.000000	-78.896729
1712	-77.887154	0.000016	1150.000000	-78.389374
1713	-77.379517	0.000034	1100.000000	-76.584908
1714	-66.260712	0.000019	900.000000	-73.883484
1715	-65.263565	0.000014	875.000000	-64.059006
1716	-65.086227	-0.000018	900.000000	-62.315208
1717	-64.935883	-0.000007	750.000000	-67.022591
1718	-69.435181	-0.000001	825.000000	-71.863831
1719	-71.310623	-0.000022	925.000000	-72.180161
1720	-71.851044	0.000016	825.000000	-70.971199
1721	-72.661865	-0.000024	975.000000	-71.964836
1722	-73.013298	0.000025	925.000000	-75.073387
1723	-74.719292	0.000016	850.000000	-75.558990
1724	-75.107437	-0.000014	725.000000	-73.979927
1725	-75.251564	0.000015	675.000000	-74.655174
1726	-74.912750	-0.000052	750.000000	-76.306381
1727	-74.933952	-0.000010	675.000000	-74.503853
1728	-75.302689	-0.000006	850.000000	-74.699150
